,Rank,Player,Nation,Position,Squad,League,Age,Born,Matches Played,Starts,Minutes,90s Played,Goals Against,Goals Against/90,Shots on Target Against,Saves,Save %,Wins,Draws,Losses,Clean Sheets,Clean Sheet %,Penalty Kicks against,Penalty Kicks Allowed,Penalty Kicks Saved,Penalty Kicks Missed,Penalty Kicks Save %
0,1,Adrián,ESP,GK,Liverpool,eng Premier League,33,1987,3,3,270,3.0,9.0,3.0,18,9,50.0,1.0,1.0,1,1.0,33.3,0.0,0.0,0.0,0.0,
1,2,Rúnar Alex Rúnarsson,ISL,GK,Arsenal,eng Premier League,25,1995,1,0,16,0.2,0.0,0.0,2,2,100.0,0.0,0.0,0,0.0,,0.0,0.0,0.0,0.0,
2,3,Alisson,BRA,GK,Liverpool,eng Premier League,27,1992,33,33,2970,33.0,32.0,0.97,115,82,75.7,18.0,8.0,7,10.0,30.3,8.0,4.0,1.0,3.0,20.0
3,4,Saturnin Allagbé,BEN,GK,Dijon,fr Ligue 1,26,1993,12,12,1080,12.0,30.0,2.5,66,36,56.1,2.0,2.0,8,3.0,25.0,3.0,1.0,1.0,1.0,50.0
4,5,Nícolas Andrade,BRA,GK,Udinese,it Serie A,32,1988,2,2,180,2.0,5.0,2.5,6,1,16.7,1.0,0.0,1,0.0,0.0,0.0,0.0,0.0,0.0,
5,6,Ángel,ESP,GK,Granada,es La Liga,18,2002,1,1,90,1.0,2.0,2.0,9,6,88.9,0.0,0.0,1,0.0,0.0,2.0,1.0,1.0,0.0,50.0
6,7,Alphonse Areola,FRA,GK,Fulham,eng Premier League,27,1993,36,36,3240,36.0,48.0,1.33,161,114,73.9,5.0,13.0,18,9.0,25.0,6.0,6.0,0.0,0.0,0.0
7,8,Kepa Arrizabalaga,ESP,GK,Chelsea,eng Premier League,25,1994,7,6,585,6.5,8.0,1.23,23,15,69.6,2.0,2.0,2,2.0,33.3,1.0,1.0,0.0,0.0,0.0
8,9,Sergio Asenjo,ESP,GK,Villarreal,es La Liga,31,1989,36,36,3240,36.0,40.0,1.11,118,79,72.0,15.0,13.0,8,10.0,27.8,9.0,7.0,1.0,1.0,12.5
9,10,Emil Audero,IDN,GK,Sampdoria,it Serie A,23,1997,37,37,3330,37.0,54.0,1.46,173,118,72.8,14.0,7.0,16,6.0,16.2,9.0,7.0,2.0,0.0,22.2
10,11,Édgar Badía,ESP,GK,Elche,es La Liga,28,1992,30,30,2700,30.0,46.0,1.53,141,92,70.9,5.0,11.0,14,5.0,16.7,9.0,5.0,3.0,1.0,37.5
11,12,Stefan Bajic,FRA,GK,Saint-Étienne,fr Ligue 1,18,2001,1,1,90,1.0,4.0,4.0,4,0,0.0,0.0,0.0,1,0.0,0.0,1.0,0.0,0.0,1.0,
12,13,Oliver Baumann,GER,GK,Hoffenheim,de Bundesliga,30,1990,31,31,2790,31.0,51.0,1.65,132,81,65.9,10.0,8.0,13,6.0,19.4,9.0,6.0,2.0,1.0,25.0
13,14,Walter Benítez,ARG,GK,Nice,fr Ligue 1,27,1993,38,38,3420,38.0,53.0,1.39,176,123,73.9,15.0,7.0,16,9.0,23.7,7.0,7.0,0.0,0.0,0.0
14,15,Alessandro Berardi,ITA,GK,Hellas Verona,it Serie A,29,1991,1,0,28,0.3,0.0,0.0,1,1,100.0,0.0,0.0,0,0.0,,0.0,0.0,0.0,0.0,
15,16,Paul Bernardoni,FRA,GK,Angers,fr Ligue 1,23,1997,38,38,3420,38.0,58.0,1.53,139,82,63.3,12.0,8.0,18,9.0,23.7,8.0,7.0,1.0,0.0,12.5
16,17,Dimitry Bertaud,COD,GK,Montpellier,fr Ligue 1,22,1998,9,7,745,8.3,11.0,1.33,42,31,76.2,4.0,2.0,1,3.0,42.9,1.0,1.0,0.0,0.0,0.0
17,18,Rubén Blanco,ESP,GK,Celta Vigo,es La Liga,25,1995,19,19,1637,18.2,27.0,1.48,61,34,57.4,7.0,6.0,6,4.0,21.1,1.0,1.0,0.0,0.0,0.0
18,19,Elias Bördner,GER,GK,Eint Frankfurt,de Bundesliga,18,2002,1,1,90,1.0,1.0,1.0,6,5,83.3,1.0,0.0,0,0.0,0.0,0.0,0.0,0.0,0.0,
19,20,Yassine Bounou,MAR,GK,Sevilla,es La Liga,29,1991,33,33,2970,33.0,28.0,0.85,106,78,77.4,21.0,5.0,7,15.0,45.5,6.0,4.0,2.0,0.0,33.3
20,21,Claudio Bravo,CHI,GK,Betis,es La Liga,37,1983,20,20,1800,20.0,25.0,1.25,75,50,72.0,8.0,8.0,4,7.0,35.0,5.0,4.0,1.0,0.0,20.0
21,22,Fabian Bredlow,GER,GK,Stuttgart,de Bundesliga,25,1995,1,1,90,1.0,1.0,1.0,9,8,88.9,1.0,0.0,0,0.0,0.0,0.0,0.0,0.0,0.0,
22,23,Gianluigi Buffon,ITA,GK,Juventus,it Serie A,42,1978,8,8,720,8.0,5.0,0.62,21,15,85.7,7.0,1.0,0,3.0,37.5,3.0,2.0,1.0,0.0,33.3
23,24,Roman Bürki,SUI,GK,Dortmund,de Bundesliga,29,1990,19,18,1665,18.5,30.0,1.62,92,62,71.7,9.0,2.0,7,4.0,22.2,4.0,4.0,0.0,0.0,0.0
24,25,Jack Butland,ENG,GK,Crystal Palace,eng Premier League,27,1993,1,1,90,1.0,2.0,2.0,5,3,60.0,1.0,0.0,0,0.0,0.0,0.0,0.0,0.0,0.0,
25,26,David Button,ENG,GK,West Brom,eng Premier League,31,1989,1,1,90,1.0,2.0,2.0,6,4,66.7,1.0,0.0,0,0.0,0.0,0.0,0.0,0.0,0.0,
26,27,Marcin Bułka,POL,GK,Paris S-G,fr Ligue 1,20,1999,1,1,90,1.0,1.0,1.0,3,2,66.7,0.0,0.0,1,0.0,0.0,0.0,0.0,0.0,0.0,
27,28,Willy Caballero,ARG,GK,Chelsea,eng Premier League,38,1981,1,1,90,1.0,3.0,3.0,3,0,0.0,0.0,1.0,0,0.0,0.0,0.0,0.0,0.0,0.0,
28,29,Marc-Aurèle Caillard,FRA,GK,Metz,fr Ligue 1,26,1994,5,4,361,4.0,10.0,2.49,23,13,69.6,0.0,1.0,3,0.0,0.0,3.0,3.0,0.0,0.0,0.0
29,30,Cárdenas,ESP,GK,Levante,es La Liga,23,1997,8,8,720,8.0,11.0,1.37,39,28,71.8,1.0,3.0,4,1.0,12.5,1.0,0.0,0.0,1.0,
30,31,Scott Carson,ENG,GK,Manchester City,eng Premier League,34,1985,1,1,90,1.0,3.0,3.0,5,1,60.0,1.0,0.0,0,0.0,0.0,2.0,1.0,1.0,0.0,50.0
31,32,Kiko Casilla,ESP,GK,Leeds United,eng Premier League,33,1986,3,3,270,3.0,2.0,0.67,10,8,80.0,2.0,0.0,1,1.0,33.3,0.0,0.0,0.0,0.0,
32,33,Koen Casteels,BEL,GK,Wolfsburg,de Bundesliga,28,1992,32,32,2880,32.0,33.0,1.03,108,74,72.2,17.0,9.0,6,14.0,43.8,5.0,3.0,2.0,0.0,40.0
33,34,Sébastien Cibois,FRA,GK,Brest,fr Ligue 1,22,1998,3,3,270,3.0,4.0,1.33,11,7,72.7,1.0,1.0,1,1.0,33.3,1.0,1.0,0.0,0.0,0.0
34,35,Alberto Cifuentes,ESP,GK,Cádiz,es La Liga,41,1979,2,2,180,2.0,3.0,1.5,6,2,50.0,1.0,0.0,1,1.0,50.0,0.0,0.0,0.0,0.0,
35,36,Jasper Cillessen,NED,GK,Valencia,es La Liga,31,1989,10,10,900,10.0,11.0,1.1,45,33,77.8,5.0,1.0,4,3.0,30.0,2.0,1.0,1.0,0.0,50.0
36,37,Simone Colombi,ITA,GK,Parma,it Serie A,29,1991,2,2,180,2.0,7.0,3.5,10,3,40.0,0.0,0.0,2,0.0,0.0,1.0,1.0,0.0,0.0,0.0
37,38,Andrea Consigli,ITA,GK,Sassuolo,it Serie A,33,1987,37,37,3330,37.0,56.0,1.51,185,129,71.9,17.0,10.0,10,7.0,18.9,5.0,4.0,1.0,0.0,20.0
38,39,Alex Cordaz,ITA,GK,Crotone,it Serie A,37,1983,36,36,3240,36.0,91.0,2.53,207,118,58.5,6.0,3.0,27,2.0,5.6,5.0,5.0,0.0,0.0,0.0
39,40,Angelo da Costa Júnior,BRA,GK,Bologna,it Serie A,36,1983,6,6,540,6.0,9.0,1.5,27,18,70.4,0.0,5.0,1,1.0,16.7,1.0,1.0,0.0,0.0,0.0
40,41,Benoît Costil,FRA,GK,Bordeaux,fr Ligue 1,33,1987,38,38,3420,38.0,56.0,1.47,156,100,68.6,13.0,6.0,19,14.0,36.8,8.0,7.0,1.0,0.0,12.5
41,42,Thibaut Courtois,BEL,GK,Real Madrid,es La Liga,28,1992,38,38,3420,38.0,28.0,0.74,116,88,81.9,25.0,9.0,4,17.0,44.7,8.0,7.0,1.0,0.0,12.5
42,43,Alessio Cragno,ITA,GK,Cagliari,it Serie A,26,1994,34,34,3060,34.0,53.0,1.56,182,129,73.6,6.0,10.0,18,6.0,17.6,5.0,5.0,0.0,0.0,0.0
43,44,Gian Crespi,ITA,GK,Crotone,it Serie A,19,2001,1,1,90,1.0,0.0,0.0,1,1,100.0,0.0,1.0,0,1.0,100.0,0.0,0.0,0.0,0.0,
44,45,Finn Dahmen,GER,GK,Mainz 05,de Bundesliga,22,1998,3,3,270,3.0,10.0,3.33,20,10,55.0,1.0,0.0,2,0.0,0.0,1.0,1.0,0.0,0.0,0.0
45,46,Karl Darlow,WAL,GK,Newcastle Utd,eng Premier League,29,1990,25,25,2250,25.0,43.0,1.72,126,84,68.3,7.0,4.0,14,4.0,16.0,4.0,3.0,1.0,0.0,25.0
46,47,Yehvann Diouf,FRA,GK,Reims,fr Ligue 1,20,1999,2,1,135,1.5,1.0,0.67,6,5,100.0,0.0,0.0,1,0.0,0.0,1.0,1.0,0.0,0.0,0.0
47,48,Marko Dmitrović,SRB,GK,Eibar,es La Liga,28,1992,35,35,3120,34.7,49.0,1.41,129,79,64.3,6.0,11.0,18,9.0,25.7,5.0,3.0,1.0,1.0,25.0
48,49,Jaume Doménech,ESP,GK,Valencia,es La Liga,29,1990,28,28,2520,28.0,42.0,1.5,130,88,70.8,5.0,12.0,11,4.0,14.3,6.0,4.0,2.0,0.0,33.3
49,50,Gianluigi Donnarumma,ITA,GK,Milan,it Serie A,21,1999,37,37,3330,37.0,38.0,1.03,126,88,71.4,24.0,6.0,7,14.0,37.8,4.0,2.0,1.0,1.0,33.3
50,51,Bartłomiej Drągowski,POL,GK,Fiorentina,it Serie A,22,1997,36,36,3148,35.0,55.0,1.57,141,85,66.7,9.0,12.0,15,7.0,19.4,10.0,8.0,2.0,0.0,20.0
51,52,Matthieu Dreyer,FRA,GK,Lorient,fr Ligue 1,31,1989,15,15,1350,15.0,25.0,1.67,56,32,66.1,5.0,5.0,5,2.0,13.3,6.0,6.0,0.0,0.0,0.0
52,53,Martin Dúbravka,SVK,GK,Newcastle Utd,eng Premier League,31,1989,13,13,1170,13.0,19.0,1.46,62,44,71.0,5.0,5.0,3,3.0,23.1,1.0,1.0,0.0,0.0,0.0
53,54,Ederson,BRA,GK,Manchester City,eng Premier League,26,1993,36,36,3240,36.0,28.0,0.78,93,65,77.4,25.0,5.0,6,19.0,52.8,8.0,7.0,1.0,0.0,12.5
54,55,Aarón Escandell,ESP,GK,Granada,es La Liga,24,1995,5,5,450,5.0,8.0,1.6,24,16,66.7,1.0,1.0,3,1.0,20.0,0.0,0.0,0.0,0.0,
55,56,Jokin Ezkieta,ESP,GK,Athletic Club,es La Liga,23,1996,1,1,90,1.0,2.0,2.0,3,1,33.3,0.0,0.0,1,0.0,0.0,0.0,0.0,0.0,0.0,
56,57,Łukasz Fabiański,POL,GK,West Ham,eng Premier League,35,1985,35,35,3150,35.0,44.0,1.26,138,97,70.3,17.0,8.0,10,10.0,28.6,5.0,3.0,1.0,1.0,25.0
57,58,Ralf Fährmann,GER,GK,Schalke 04,de Bundesliga,31,1988,22,22,1876,20.8,50.0,2.4,143,94,67.1,3.0,3.0,16,3.0,13.6,4.0,3.0,1.0,0.0,25.0
58,59,Wuilker Faríñez,VEN,GK,Lens,fr Ligue 1,22,1998,3,1,107,1.2,3.0,2.52,7,4,71.4,0.0,0.0,1,0.0,0.0,1.0,1.0,0.0,0.0,0.0
59,60,Aitor Fernández,ESP,GK,Levante,es La Liga,29,1991,29,29,2610,29.0,44.0,1.52,120,78,65.8,8.0,11.0,10,3.0,10.3,3.0,3.0,0.0,0.0,0.0
60,61,Álvaro Fernández,ESP,GK,Huesca,es La Liga,22,1998,22,22,1980,22.0,32.0,1.45,95,64,68.4,5.0,5.0,12,5.0,22.7,2.0,2.0,0.0,0.0,0.0
61,62,Andrés Fernández,ESP,GK,Huesca,es La Liga,33,1986,16,16,1440,16.0,21.0,1.31,54,34,66.7,2.0,8.0,6,4.0,25.0,3.0,3.0,0.0,0.0,0.0
62,63,Marco Festa,ITA,GK,Crotone,it Serie A,28,1992,1,1,90,1.0,1.0,1.0,8,7,87.5,0.0,1.0,0,0.0,0.0,0.0,0.0,0.0,0.0,
63,64,Mark Flekken,NED,GK,Freiburg,de Bundesliga,27,1993,3,3,270,3.0,6.0,2.0,18,12,77.8,1.0,1.0,1,0.0,0.0,3.0,2.0,0.0,1.0,0.0
64,65,Fraser Forster,ENG,GK,Southampton,eng Premier League,32,1988,8,8,720,8.0,11.0,1.37,31,19,71.0,4.0,0.0,4,2.0,25.0,3.0,2.0,1.0,0.0,33.3
65,66,Daniel Fuzato,BRA,GK,Roma,it Serie A,23,1997,5,5,450,5.0,7.0,1.4,26,19,73.1,2.0,1.0,2,2.0,40.0,0.0,0.0,0.0,0.0,
66,67,Manuel Gasparini,ITA,GK,Udinese,it Serie A,18,2002,1,0,3,0.0,0.0,0.0,0,0,,0.0,0.0,0,0.0,,0.0,0.0,0.0,0.0,
67,68,Paulo Gazzaniga,ARG,GK,Elche,es La Liga,28,1992,8,8,720,8.0,9.0,1.13,22,14,63.6,3.0,1.0,4,2.0,25.0,1.0,1.0,0.0,0.0,0.0
68,69,David de Gea,ESP,GK,Manchester Utd,eng Premier League,29,1990,26,26,2295,25.5,32.0,1.25,90,59,68.9,12.0,9.0,5,9.0,34.6,4.0,4.0,0.0,0.0,0.0
69,70,Rafał Gikiewicz,POL,GK,Augsburg,de Bundesliga,32,1987,34,34,3060,34.0,54.0,1.59,178,126,73.0,10.0,6.0,18,7.0,20.6,9.0,6.0,1.0,2.0,14.3
70,71,David Gil,ESP,GK,Cádiz,es La Liga,26,1994,4,4,360,4.0,10.0,2.5,17,7,47.1,0.0,1.0,3,0.0,0.0,1.0,1.0,0.0,0.0,0.0
71,72,Pierluigi Gollini,ITA,GK,Atalanta,it Serie A,25,1995,25,25,2156,24.0,26.0,1.09,65,38,66.2,14.0,8.0,3,9.0,36.0,6.0,4.0,2.0,0.0,33.3
72,73,Alfred Gomis,SEN,GK,Dijon,fr Ligue 1,26,1993,5,5,450,5.0,10.0,2.0,31,22,77.4,0.0,1.0,4,0.0,0.0,3.0,3.0,0.0,0.0,0.0
73,74,Alfred Gomis,SEN,GK,Rennes,fr Ligue 1,26,1993,22,22,1980,22.0,25.0,1.14,76,52,71.1,7.0,5.0,10,5.0,22.7,4.0,3.0,0.0,1.0,0.0
74,75,Etienne Green,ENG,GK,Saint-Étienne,fr Ligue 1,20,2000,8,8,720,8.0,8.0,1.0,28,19,78.6,4.0,1.0,3,3.0,37.5,4.0,2.0,1.0,1.0,33.3
75,76,Lennart Grill,GER,GK,Leverkusen,de Bundesliga,21,1999,4,4,360,4.0,7.0,1.75,21,14,66.7,1.0,0.0,3,1.0,25.0,0.0,0.0,0.0,0.0,
76,77,Vicente Guaita,ESP,GK,Crystal Palace,eng Premier League,33,1987,37,37,3330,37.0,64.0,1.73,169,104,63.9,11.0,8.0,18,8.0,21.6,4.0,3.0,1.0,0.0,25.0
77,78,Péter Gulácsi,HUN,GK,RB Leipzig,de Bundesliga,30,1990,33,33,2970,33.0,30.0,0.91,80,50,66.3,19.0,8.0,6,15.0,45.5,3.0,3.0,0.0,0.0,0.0
78,79,Samir Handanović,SVN,GK,Inter,it Serie A,36,1984,37,37,3240,36.0,33.0,0.92,110,76,73.6,27.0,7.0,3,14.0,37.8,6.0,4.0,2.0,0.0,33.3
79,80,Dean Henderson,ENG,GK,Manchester Utd,eng Premier League,23,1997,13,12,1125,12.5,12.0,0.96,51,39,76.5,9.0,2.0,1,4.0,33.3,0.0,0.0,0.0,0.0,
80,81,Sergio Herrera,ESP,GK,Osasuna,es La Liga,27,1993,33,32,2958,32.9,40.0,1.22,126,86,71.4,10.0,8.0,14,10.0,31.3,7.0,4.0,2.0,1.0,33.3
81,82,Marwin Hitz,SUI,GK,Dortmund,de Bundesliga,32,1987,16,16,1395,15.5,16.0,1.03,44,29,68.2,11.0,2.0,3,7.0,43.8,2.0,2.0,0.0,0.0,0.0
82,83,Timo Horn,GER,GK,Köln,de Bundesliga,27,1993,34,34,3009,33.4,59.0,1.76,155,95,66.5,8.0,9.0,17,5.0,14.7,8.0,7.0,1.0,0.0,12.5
83,84,Lukáš Hrádecký,FIN,GK,Leverkusen,de Bundesliga,30,1989,29,29,2565,28.5,29.0,1.02,83,55,66.3,13.0,9.0,7,8.0,27.6,2.0,1.0,1.0,0.0,50.0
84,85,Rune Jarstein,NOR,GK,Hertha BSC,de Bundesliga,35,1984,8,8,720,8.0,13.0,1.62,33,20,63.6,2.0,1.0,5,1.0,12.5,2.0,1.0,1.0,0.0,50.0
85,86,Sam Johnstone,ENG,GK,West Brom,eng Premier League,27,1993,37,37,3330,37.0,74.0,2.0,234,162,71.4,4.0,11.0,22,6.0,16.2,11.0,7.0,1.0,3.0,12.5
86,87,Bingourou Kamara,SEN,GK,Strasbourg,fr Ligue 1,23,1996,8,8,720,8.0,14.0,1.75,32,19,59.4,2.0,0.0,6,2.0,25.0,1.0,1.0,0.0,0.0,0.0
87,88,Loris Karius,GER,GK,Union Berlin,de Bundesliga,27,1993,4,3,292,3.2,1.0,0.31,4,4,75.0,1.0,2.0,0,2.0,66.7,0.0,0.0,0.0,0.0,
88,89,Eiji Kawashima,JPN,GK,Strasbourg,fr Ligue 1,37,1983,24,24,2160,24.0,31.0,1.29,91,59,69.2,8.0,7.0,9,8.0,33.3,5.0,3.0,1.0,1.0,25.0
89,90,Caoimhín Kelleher,IRL,GK,Liverpool,eng Premier League,21,1998,2,2,180,2.0,1.0,0.5,7,6,85.7,1.0,0.0,1,1.0,50.0,0.0,0.0,0.0,0.0,
90,91,Gregor Kobel,SUI,GK,Stuttgart,de Bundesliga,22,1997,33,33,2970,33.0,54.0,1.64,157,102,68.8,11.0,9.0,13,5.0,15.2,7.0,5.0,2.0,0.0,28.6
91,92,Alban Lafont,FRA,GK,Nantes,fr Ligue 1,21,1999,38,38,3420,38.0,55.0,1.45,168,113,73.2,9.0,13.0,16,5.0,13.2,12.0,10.0,1.0,1.0,9.1
92,93,Michael Langer,AUT,GK,Schalke 04,de Bundesliga,35,1985,3,2,239,2.7,12.0,4.52,24,13,50.0,0.0,0.0,2,0.0,0.0,0.0,0.0,0.0,0.0,
93,94,Gautier Larsonneur,FRA,GK,Brest,fr Ligue 1,23,1997,35,35,3150,35.0,62.0,1.77,169,108,68.0,10.0,7.0,18,6.0,17.1,10.0,8.0,1.0,1.0,11.1
94,95,Jean-Louis Leca,FRA,GK,Lens,fr Ligue 1,34,1985,37,37,3313,36.8,51.0,1.39,136,88,69.9,15.0,12.0,10,8.0,21.6,10.0,10.0,0.0,0.0,0.0
95,96,Benjamin Lecomte,FRA,GK,Monaco,fr Ligue 1,29,1991,28,28,2520,28.0,27.0,0.96,68,42,64.7,18.0,5.0,5,13.0,46.4,3.0,3.0,0.0,0.0,0.0
96,97,Jeremías Ledesma,ARG,GK,Cádiz,es La Liga,27,1993,32,32,2880,32.0,45.0,1.41,127,82,70.9,10.0,10.0,12,9.0,28.1,9.0,8.0,1.0,0.0,11.1
97,98,Bernd Leno,GER,GK,Arsenal,eng Premier League,28,1992,35,35,3131,34.8,37.0,1.06,117,83,69.2,17.0,6.0,12,11.0,31.4,2.0,1.0,1.0,0.0,50.0
98,99,Karlo Letica,CRO,GK,Sampdoria,it Serie A,23,1997,1,1,90,1.0,0.0,0.0,1,1,100.0,1.0,0.0,0,1.0,100.0,0.0,0.0,0.0,0.0,
99,100,Hugo Lloris,FRA,GK,Tottenham,eng Premier League,33,1986,38,38,3420,38.0,45.0,1.18,155,113,77.4,18.0,8.0,12,12.0,31.6,10.0,10.0,0.0,0.0,0.0
100,101,Niklas Lomb,GER,GK,Leverkusen,de Bundesliga,27,1993,2,1,135,1.5,3.0,2.0,8,5,62.5,0.0,1.0,0,0.0,0.0,0.0,0.0,0.0,0.0,
101,102,Anthony Lopes,POR,GK,Lyon,fr Ligue 1,29,1990,38,38,3420,38.0,43.0,1.13,134,92,71.6,22.0,10.0,6,11.0,28.9,7.0,5.0,1.0,1.0,16.7
102,103,Pau López,ESP,GK,Roma,it Serie A,25,1994,21,20,1817,20.2,29.0,1.44,85,59,69.4,10.0,4.0,6,4.0,20.0,3.0,3.0,0.0,0.0,0.0
103,104,Andreas Luthe,GER,GK,Union Berlin,de Bundesliga,33,1987,31,31,2768,30.8,42.0,1.37,132,89,71.2,11.0,12.0,8,5.0,16.1,5.0,4.0,1.0,0.0,20.0
104,105,Mike Maignan,FRA,GK,Lille,fr Ligue 1,25,1995,38,38,3420,38.0,23.0,0.61,107,85,79.4,24.0,11.0,3,21.0,55.3,2.0,1.0,1.0,0.0,50.0
105,106,Radosław Majecki,POL,GK,Monaco,fr Ligue 1,20,1999,1,1,90,1.0,1.0,1.0,2,1,50.0,1.0,0.0,0,0.0,0.0,0.0,0.0,0.0,0.0,
106,107,Steve Mandanda,FRA,GK,Marseille,fr Ligue 1,35,1985,37,37,3330,37.0,45.0,1.22,127,83,66.9,16.0,12.0,9,8.0,21.6,3.0,3.0,0.0,0.0,0.0
107,108,Niccolò Manfredini,ITA,GK,Benevento,it Serie A,32,1988,1,1,90,1.0,1.0,1.0,5,4,80.0,0.0,1.0,0,0.0,0.0,0.0,0.0,0.0,0.0,
108,109,Vito Mannone,ITA,GK,Monaco,fr Ligue 1,32,1988,9,9,810,9.0,14.0,1.56,33,19,63.6,5.0,1.0,3,2.0,22.2,2.0,2.0,0.0,0.0,0.0
109,110,Federico Marchetti,ITA,GK,Genoa,it Serie A,37,1983,4,4,334,3.7,11.0,2.96,18,7,38.9,0.0,1.0,3,0.0,0.0,0.0,0.0,0.0,0.0,
110,111,Emiliano Martínez,ARG,GK,Aston Villa,eng Premier League,27,1992,38,38,3420,38.0,46.0,1.21,186,133,78.0,16.0,7.0,15,15.0,39.5,6.0,5.0,1.0,0.0,16.7
111,112,Josep Martinez,ESP,GK,RB Leipzig,de Bundesliga,22,1998,1,1,90,1.0,2.0,2.0,4,2,50.0,0.0,0.0,1,0.0,0.0,0.0,0.0,0.0,0.0,
112,113,Jordi Masip,ESP,GK,Valladolid,es La Liga,31,1989,25,25,2250,25.0,40.0,1.6,115,75,68.7,4.0,9.0,12,2.0,8.0,4.0,4.0,0.0,0.0,0.0
113,114,Alex McCarthy,ENG,GK,Southampton,eng Premier League,30,1989,30,30,2700,30.0,57.0,1.9,147,91,65.3,8.0,7.0,15,7.0,23.3,6.0,6.0,0.0,0.0,0.0
114,115,Edouard Mendy,SEN,GK,Chelsea,eng Premier League,28,1992,31,31,2745,30.5,25.0,0.82,81,56,71.6,17.0,7.0,7,16.0,51.6,3.0,2.0,1.0,0.0,33.3
115,116,Edouard Mendy,SEN,GK,Rennes,fr Ligue 1,28,1992,1,1,90,1.0,1.0,1.0,1,0,0.0,0.0,1.0,0,0.0,0.0,0.0,0.0,0.0,0.0,
116,117,Alex Meret,ITA,GK,Napoli,it Serie A,23,1997,22,22,1980,22.0,29.0,1.32,81,53,66.7,13.0,5.0,4,6.0,27.3,2.0,2.0,0.0,0.0,0.0
117,118,Illan Meslier,FRA,GK,Leeds United,eng Premier League,20,2000,35,35,3150,35.0,52.0,1.49,188,137,76.6,16.0,5.0,14,11.0,31.4,9.0,8.0,1.0,0.0,11.1
118,119,Vanja Milinković-Savić,SRB,GK,Torino,it Serie A,23,1997,5,5,450,5.0,6.0,1.2,20,14,75.0,2.0,2.0,1,1.0,20.0,1.0,1.0,0.0,0.0,0.0
119,120,Antonio Mirante,ITA,GK,Roma,it Serie A,37,1983,13,13,1153,12.8,19.0,1.48,56,36,69.6,6.0,3.0,4,5.0,38.5,3.0,2.0,1.0,0.0,33.3
120,121,Lorenzo Montipò,ITA,GK,Benevento,it Serie A,24,1996,37,37,3330,37.0,74.0,2.0,172,103,59.3,7.0,11.0,19,7.0,18.9,5.0,4.0,1.0,0.0,20.0
121,122,Jessy Moulin,FRA,GK,Saint-Étienne,fr Ligue 1,34,1986,29,29,2610,29.0,42.0,1.45,100,60,62.0,8.0,9.0,12,9.0,31.0,4.0,4.0,0.0,0.0,0.0
122,123,Florian Müller,GER,GK,Freiburg,de Bundesliga,22,1997,31,31,2790,31.0,46.0,1.48,157,112,72.0,11.0,8.0,12,6.0,19.4,3.0,2.0,1.0,0.0,33.3
123,124,Juan Musso,ARG,GK,Udinese,it Serie A,26,1994,35,35,3147,35.0,51.0,1.46,149,98,74.5,9.0,10.0,16,8.0,22.9,13.0,13.0,0.0,0.0,0.0
124,125,Paul Nardi,FRA,GK,Lorient,fr Ligue 1,26,1994,23,23,2070,23.0,43.0,1.87,111,68,64.9,6.0,4.0,13,3.0,13.0,5.0,4.0,0.0,1.0,0.0
125,126,Keylor Navas,CRC,GK,Paris S-G,fr Ligue 1,33,1986,29,29,2520,28.0,18.0,0.64,92,73,81.5,21.0,3.0,5,14.0,48.3,2.0,1.0,1.0,0.0,50.0
126,127,Neto,BRA,GK,Barcelona,es La Liga,31,1989,7,7,630,7.0,6.0,0.86,24,18,83.3,3.0,2.0,2,3.0,42.9,2.0,2.0,0.0,0.0,0.0
127,128,Manuel Neuer,GER,GK,Bayern Munich,de Bundesliga,34,1986,33,33,2970,33.0,42.0,1.27,123,80,66.7,24.0,5.0,4,9.0,27.3,3.0,1.0,1.0,1.0,50.0
128,129,Will Norris,ENG,GK,Burnley,eng Premier League,26,1993,2,2,180,2.0,4.0,2.0,6,2,33.3,0.0,0.0,2,0.0,0.0,0.0,0.0,0.0,0.0,
129,130,Alexander Nübel,GER,GK,Bayern Munich,de Bundesliga,23,1996,1,1,90,1.0,2.0,2.0,4,2,50.0,0.0,1.0,0,0.0,0.0,0.0,0.0,0.0,0.0,
130,131,Jan Oblak,SVN,GK,Atlético Madrid,es La Liga,27,1993,38,38,3420,38.0,25.0,0.66,122,98,80.3,26.0,8.0,4,18.0,47.4,4.0,1.0,2.0,1.0,66.7
131,132,Robin Olsen,SWE,GK,Everton,eng Premier League,30,1990,7,7,630,7.0,9.0,1.29,30,21,73.3,2.0,3.0,2,2.0,28.6,1.0,1.0,0.0,0.0,0.0
132,133,Jonas Omlin,SUI,GK,Montpellier,fr Ligue 1,26,1994,31,31,2673,29.7,51.0,1.72,155,106,74.2,10.0,10.0,11,2.0,6.5,11.0,11.0,0.0,0.0,0.0
133,134,Stefan Ortega,GER,GK,Arminia,de Bundesliga,27,1992,34,34,3060,34.0,52.0,1.53,170,118,72.4,9.0,8.0,17,11.0,32.4,6.0,5.0,1.0,0.0,16.7
134,135,David Ospina,COL,GK,Napoli,it Serie A,31,1988,16,16,1440,16.0,12.0,0.75,42,30,78.6,11.0,0.0,5,8.0,50.0,3.0,3.0,0.0,0.0,0.0
135,136,Alexandre Oukidja,ALG,GK,Metz,fr Ligue 1,32,1988,34,34,3058,34.0,38.0,1.12,127,89,77.2,12.0,10.0,12,8.0,23.5,10.0,9.0,1.0,0.0,10.0
136,137,Fernando Pacheco,ESP,GK,Alavés,es La Liga,28,1992,38,37,3349,37.2,57.0,1.53,141,84,61.7,9.0,11.0,17,9.0,24.3,3.0,3.0,0.0,0.0,0.0
137,138,Daniele Padelli,ITA,GK,Inter,it Serie A,34,1985,1,0,45,0.5,1.0,2.0,2,1,100.0,0.0,0.0,0,0.0,,1.0,1.0,0.0,0.0,0.0
138,139,Alberto Paleari,ITA,GK,Genoa,it Serie A,27,1992,3,2,206,2.3,3.0,1.31,12,9,75.0,1.0,0.0,1,1.0,50.0,0.0,0.0,0.0,0.0,
139,140,Ivor Pandur,CRO,GK,Hellas Verona,it Serie A,20,2000,4,4,332,3.7,6.0,1.63,13,7,53.8,0.0,3.0,1,0.0,0.0,0.0,0.0,0.0,0.0,
140,141,Rui Patrício,POR,GK,Wolves,eng Premier League,32,1988,37,37,3329,37.0,51.0,1.38,148,99,70.3,12.0,9.0,16,10.0,27.0,8.0,7.0,1.0,0.0,12.5
141,142,Jiří Pavlenka,CZE,GK,Werder Bremen,de Bundesliga,28,1992,34,34,3060,34.0,57.0,1.68,157,101,66.2,7.0,10.0,17,6.0,17.6,6.0,4.0,2.0,0.0,33.3
142,143,Bailey Peacock-Farrell,NIR,GK,Burnley,eng Premier League,23,1996,4,4,360,4.0,14.0,3.5,24,10,41.7,0.0,0.0,4,0.0,0.0,0.0,0.0,0.0,0.0,
143,144,Gianluca Pegolo,ITA,GK,Sassuolo,it Serie A,39,1981,1,1,90,1.0,0.0,0.0,1,1,100.0,0.0,1.0,0,1.0,100.0,0.0,0.0,0.0,0.0,
144,145,Yohann Pelé,FRA,GK,Marseille,fr Ligue 1,37,1982,1,1,90,1.0,2.0,2.0,5,3,60.0,0.0,0.0,1,0.0,0.0,0.0,0.0,0.0,0.0,
145,146,Philipp Pentke,GER,GK,Hoffenheim,de Bundesliga,35,1985,3,3,270,3.0,3.0,1.0,13,10,76.9,1.0,2.0,0,0.0,0.0,0.0,0.0,0.0,0.0,
146,147,Juan Pérez,ESP,GK,Osasuna,es La Liga,24,1996,3,3,270,3.0,3.0,1.0,8,5,75.0,1.0,1.0,1,1.0,33.3,1.0,1.0,0.0,0.0,0.0
147,148,Mattia Perin,ITA,GK,Genoa,it Serie A,27,1992,32,32,2879,32.0,44.0,1.38,158,116,76.6,9.0,11.0,12,8.0,25.0,7.0,7.0,0.0,0.0,0.0
148,149,Pavao Pervan,AUT,GK,Wolfsburg,de Bundesliga,32,1987,2,2,180,2.0,4.0,2.0,14,10,71.4,0.0,1.0,1,0.0,0.0,0.0,0.0,0.0,0.0,
149,150,Jordan Pickford,ENG,GK,Everton,eng Premier League,26,1994,31,31,2742,30.5,39.0,1.28,128,90,71.1,15.0,5.0,11,10.0,32.3,3.0,2.0,0.0,1.0,0.0
150,151,Carlo Pinsoglio,ITA,GK,Juventus,it Serie A,30,1990,1,0,23,0.3,1.0,3.91,2,1,50.0,0.0,0.0,0,0.0,,0.0,0.0,0.0,0.0,
151,152,Nick Pope,ENG,GK,Burnley,eng Premier League,28,1992,32,32,2880,32.0,37.0,1.16,149,113,77.2,10.0,9.0,13,11.0,34.4,3.0,3.0,0.0,0.0,0.0
152,153,Ivan Provedel,ITA,GK,Spezia,it Serie A,26,1994,29,29,2610,29.0,55.0,1.9,131,75,62.6,6.0,10.0,13,4.0,13.8,7.0,6.0,1.0,0.0,14.3
153,154,Anthony Racioppi,SUI,GK,Dijon,fr Ligue 1,21,1998,21,21,1890,21.0,33.0,1.57,93,59,67.7,2.0,6.0,13,3.0,14.3,4.0,3.0,1.0,0.0,25.0
154,155,Ionuț Radu,ROU,GK,Inter,it Serie A,23,1997,2,1,135,1.5,1.0,0.67,6,5,83.3,1.0,0.0,0,0.0,0.0,0.0,0.0,0.0,0.0,
155,156,Rafael,BRA,GK,Spezia,it Serie A,38,1982,3,2,207,2.3,5.0,2.17,18,13,72.2,0.0,1.0,1,1.0,50.0,0.0,0.0,0.0,0.0,
156,157,Predrag Rajković,SRB,GK,Reims,fr Ligue 1,24,1995,37,37,3285,36.5,49.0,1.34,162,112,72.2,9.0,15.0,13,10.0,27.0,7.0,4.0,2.0,1.0,33.3
157,158,Aaron Ramsdale,ENG,GK,Sheffield Utd,eng Premier League,22,1998,38,38,3420,38.0,63.0,1.66,206,145,70.9,7.0,2.0,29,5.0,13.2,4.0,3.0,0.0,1.0,0.0
158,159,Darren Randolph,IRL,GK,West Ham,eng Premier League,33,1987,3,3,270,3.0,3.0,1.0,9,6,66.7,2.0,0.0,1,1.0,33.3,0.0,0.0,0.0,0.0,
159,160,Federico Ravaglia,ITA,GK,Bologna,it Serie A,20,1999,4,4,360,4.0,10.0,2.5,19,10,52.6,0.0,1.0,3,0.0,0.0,1.0,1.0,0.0,0.0,0.0
160,161,Pepe Reina,ESP,GK,Lazio,it Serie A,37,1982,29,29,2610,29.0,41.0,1.41,113,74,70.8,18.0,3.0,8,9.0,31.0,8.0,8.0,0.0,0.0,0.0
161,162,Álex Remiro,ESP,GK,Real Sociedad,es La Liga,25,1995,38,38,3420,38.0,38.0,1.0,105,67,66.7,17.0,11.0,10,14.0,36.8,5.0,3.0,1.0,1.0,25.0
162,163,Baptiste Reynet,FRA,GK,Nîmes,fr Ligue 1,29,1990,38,38,3420,38.0,71.0,1.87,196,122,66.8,9.0,8.0,21,8.0,21.1,10.0,6.0,3.0,1.0,33.3
163,164,Sergio Rico,ESP,GK,Paris S-G,fr Ligue 1,26,1993,10,8,810,9.0,9.0,1.0,36,28,75.0,5.0,1.0,2,5.0,62.5,0.0,0.0,0.0,0.0,
164,165,Roberto,ESP,GK,Valladolid,es La Liga,34,1986,13,13,1170,13.0,17.0,1.31,46,29,67.4,1.0,7.0,5,1.0,7.7,3.0,2.0,0.0,1.0,0.0
165,166,Joel Robles,ESP,GK,Betis,es La Liga,30,1990,18,18,1620,18.0,25.0,1.39,61,37,65.6,9.0,2.0,7,6.0,33.3,5.0,4.0,1.0,0.0,20.0
166,167,Marek Rodák,SVK,GK,Fulham,eng Premier League,23,1996,2,2,180,2.0,5.0,2.5,9,4,55.6,0.0,0.0,2,0.0,0.0,1.0,1.0,0.0,0.0,0.0
167,168,Rubén,ESP,GK,Osasuna,es La Liga,36,1984,3,3,187,2.1,5.0,2.41,8,3,37.5,0.0,2.0,1,0.0,0.0,0.0,0.0,0.0,0.0,
168,169,John Ruddy,ENG,GK,Wolves,eng Premier League,33,1986,2,1,91,1.0,1.0,0.99,4,3,75.0,0.0,0.0,1,0.0,0.0,0.0,0.0,0.0,0.0,
169,170,Gerónimo Rulli,ARG,GK,Villarreal,es La Liga,28,1992,2,2,180,2.0,4.0,2.0,8,4,50.0,0.0,0.0,2,0.0,0.0,0.0,0.0,0.0,0.0,
170,171,Mathew Ryan,AUS,GK,Arsenal,eng Premier League,28,1992,3,3,270,3.0,2.0,0.67,10,8,90.0,1.0,1.0,1,1.0,33.3,1.0,1.0,0.0,0.0,0.0
171,172,Mathew Ryan,AUS,GK,Brighton,eng Premier League,28,1992,11,11,990,11.0,19.0,1.73,34,16,55.9,2.0,4.0,5,2.0,18.2,4.0,4.0,0.0,0.0,0.0
172,173,Frederik Rønnow,DEN,GK,Schalke 04,de Bundesliga,27,1992,11,10,945,10.5,24.0,2.29,67,45,70.1,0.0,4.0,6,1.0,10.0,4.0,4.0,0.0,0.0,0.0
173,174,Romain Salin,FRA,GK,Rennes,fr Ligue 1,36,1984,15,15,1350,15.0,14.0,0.93,54,40,74.1,9.0,4.0,2,5.0,33.3,0.0,0.0,0.0,0.0,
174,175,Robert Sánchez,ESP,GK,Brighton,eng Premier League,22,1997,27,27,2430,27.0,27.0,1.0,91,65,72.5,7.0,10.0,10,10.0,37.0,3.0,2.0,0.0,1.0,0.0
175,176,Kasper Schmeichel,DEN,GK,Leicester City,eng Premier League,33,1986,38,38,3420,38.0,50.0,1.32,136,88,66.2,20.0,6.0,12,11.0,28.9,4.0,4.0,0.0,0.0,0.0
176,177,Alexander Schwolow,GER,GK,Hertha BSC,de Bundesliga,28,1992,26,26,2340,26.0,39.0,1.5,108,69,69.4,6.0,10.0,10,8.0,30.8,6.0,6.0,0.0,0.0,0.0
177,178,Simone Scuffet,ITA,GK,Udinese,it Serie A,24,1996,1,1,90,1.0,2.0,2.0,4,2,75.0,0.0,0.0,1,0.0,0.0,1.0,1.0,0.0,0.0,0.0
178,179,Matz Sels,BEL,GK,Strasbourg,fr Ligue 1,28,1992,6,6,540,6.0,13.0,2.17,26,13,57.7,1.0,2.0,3,0.0,0.0,2.0,2.0,0.0,0.0,0.0
179,180,Luigi Sepe,ITA,GK,Parma,it Serie A,29,1991,36,36,3240,36.0,76.0,2.11,181,108,59.1,3.0,11.0,22,5.0,13.9,2.0,2.0,0.0,0.0,0.0
180,181,Rui Silva,POR,GK,Granada,es La Liga,26,1994,32,32,2880,32.0,55.0,1.72,137,79,63.5,12.0,6.0,14,8.0,25.0,10.0,5.0,4.0,1.0,44.4
181,182,Marco Silvestri,ITA,GK,Hellas Verona,it Serie A,29,1991,34,34,3060,34.0,42.0,1.24,131,91,72.5,11.0,9.0,14,7.0,20.6,7.0,6.0,0.0,1.0,0.0
182,183,Unai Simón,ESP,GK,Athletic Club,es La Liga,23,1997,37,37,3330,37.0,40.0,1.08,108,68,67.6,11.0,13.0,13,9.0,24.3,6.0,5.0,1.0,0.0,16.7
183,184,Tobias Sippel,GER,GK,Gladbach,de Bundesliga,32,1988,4,3,344,3.8,6.0,1.57,19,13,68.4,1.0,1.0,1,1.0,33.3,0.0,0.0,0.0,0.0,
184,185,Salvatore Sirigu,ITA,GK,Torino,it Serie A,33,1987,32,32,2880,32.0,62.0,1.94,134,72,59.7,5.0,13.0,14,7.0,21.9,9.0,8.0,0.0,1.0,0.0
185,186,Antonio Sivera,ESP,GK,Alavés,es La Liga,23,1996,1,1,71,0.8,,,1,1,,,,1,,,,,,,
186,187,Łukasz Skorupski,POL,GK,Bologna,it Serie A,29,1991,28,28,2520,28.0,46.0,1.64,147,100,72.1,10.0,5.0,13,4.0,14.3,7.0,5.0,2.0,0.0,28.6
187,188,Yann Sommer,SUI,GK,Gladbach,de Bundesliga,31,1988,31,31,2712,30.1,50.0,1.66,132,82,66.7,12.0,9.0,10,6.0,19.4,6.0,6.0,0.0,0.0,0.0
188,189,David Soria,ESP,GK,Getafe,es La Liga,27,1993,28,28,2520,28.0,31.0,1.11,81,52,69.1,6.0,8.0,14,10.0,35.7,7.0,6.0,1.0,0.0,14.3
189,190,Marco Sportiello,ITA,GK,Atalanta,it Serie A,28,1992,15,13,1261,14.0,21.0,1.5,47,25,57.4,9.0,1.0,3,2.0,15.4,2.0,1.0,1.0,0.0,50.0
190,191,Zack Steffen,USA,GK,Manchester City,eng Premier League,25,1995,1,1,90,1.0,1.0,1.0,2,1,50.0,1.0,0.0,0,0.0,0.0,0.0,0.0,0.0,0.0,
191,192,Thomas Strakosha,ALB,GK,Lazio,it Serie A,25,1995,9,9,810,9.0,14.0,1.56,38,24,68.4,3.0,2.0,4,3.0,33.3,2.0,2.0,0.0,0.0,0.0
192,193,Wojciech Szczęsny,POL,GK,Juventus,it Serie A,30,1990,30,30,2677,29.7,32.0,1.08,98,66,71.4,16.0,8.0,6,5.0,16.7,6.0,4.0,2.0,0.0,33.3
193,194,Ciprian Tătărușanu,ROU,GK,Milan,it Serie A,34,1986,1,1,90,1.0,3.0,3.0,7,4,71.4,0.0,1.0,0,0.0,0.0,1.0,1.0,0.0,0.0,0.0
194,195,Marc-André ter Stegen,GER,GK,Barcelona,es La Liga,28,1992,31,31,2790,31.0,32.0,1.03,106,76,72.6,21.0,5.0,5,11.0,35.5,3.0,3.0,0.0,0.0,0.0
195,196,Pietro Terracciano,ITA,GK,Fiorentina,it Serie A,30,1990,4,2,272,3.0,4.0,1.32,11,7,63.6,0.0,1.0,1,2.0,100.0,1.0,0.0,1.0,0.0,100.0
196,197,Kevin Trapp,GER,GK,Eint Frankfurt,de Bundesliga,30,1990,33,33,2970,33.0,52.0,1.58,150,99,68.0,15.0,12.0,6,4.0,12.1,6.0,4.0,1.0,1.0,20.0
197,198,Samir Ujkani,KVX,GK,Torino,it Serie A,32,1988,1,1,90,1.0,1.0,1.0,3,2,66.7,0.0,1.0,0,0.0,0.0,0.0,0.0,0.0,0.0,
198,199,Tomáš Vaclík,CZE,GK,Sevilla,es La Liga,31,1989,5,5,450,5.0,5.0,1.0,14,9,64.3,3.0,0.0,2,2.0,40.0,0.0,0.0,0.0,0.0,
199,200,Koke Vegas,ESP,GK,Levante,es La Liga,24,1995,1,1,90,1.0,2.0,2.0,4,2,50.0,0.0,0.0,1,0.0,0.0,0.0,0.0,0.0,0.0,
200,201,Guglielmo Vicario,ITA,GK,Cagliari,it Serie A,23,1996,4,4,360,4.0,6.0,1.5,21,15,71.4,3.0,0.0,1,1.0,25.0,0.0,0.0,0.0,0.0,
201,202,Iván Villar,ESP,GK,Celta Vigo,es La Liga,23,1997,21,19,1781,19.8,30.0,1.52,77,47,68.8,7.0,5.0,7,5.0,26.3,7.0,6.0,1.0,0.0,14.3
202,203,João Virgínia,POR,GK,Everton,eng Premier League,20,1999,1,0,48,0.5,0.0,0.0,3,3,100.0,0.0,0.0,0,0.0,,0.0,0.0,0.0,0.0,
203,204,Rubén Yáñez,ESP,GK,Getafe,es La Liga,26,1993,10,10,900,10.0,12.0,1.2,30,18,63.3,3.0,3.0,4,4.0,40.0,1.0,1.0,0.0,0.0,0.0
204,205,Yoel,ESP,GK,Eibar,es La Liga,31,1988,4,3,300,3.3,3.0,0.9,6,3,50.0,0.0,1.0,2,0.0,0.0,0.0,0.0,0.0,0.0,
205,206,Robin Zentner,GER,GK,Mainz 05,de Bundesliga,25,1994,31,31,2790,31.0,46.0,1.48,142,97,71.1,9.0,9.0,13,5.0,16.1,6.0,5.0,0.0,1.0,0.0
206,207,Ron-Robert Zieler,GER,GK,Köln,de Bundesliga,31,1989,1,0,51,0.6,1.0,1.76,3,2,100.0,0.0,0.0,0,0.0,,1.0,1.0,0.0,0.0,0.0
207,208,Jeroen Zoet,NED,GK,Spezia,it Serie A,29,1991,7,7,603,6.7,12.0,1.79,29,17,69.0,3.0,1.0,3,0.0,0.0,3.0,3.0,0.0,0.0,0.0
