,Rk,Player,Nation,Position,Squad,League,Age,Born,90s Played,Goals Against,Penalty Kicks Allowed,Free Kick Goals Against,Corner Kick Goals Against,Own Goals Scored Against,Post Shot Expected Goals PSxG,Post Shot Expected Goals per Shots on target PSxG/SoT,Post shot Expected Goals minus Goals allowed PSxG+/-,Post shot Expected Goals minus Goals allowed per /90,Launched Passes Completed,Launched Passes Attempts,Launched Pass Completion %,Passes Attempted (GK),Throws attempted,Launch Passes %,Average Passes Length,Goal Kicks,Goal Kicks Launch %,Goal Kicks Avgerage Length,Crosses faced,Crosses Stopped,Crosses Stopped %,Def. Actions outside penalty area #OPA,Def._Actions outside penalty area  per 90 #OPA/90,Average dist. of def. Actions
0,1,Álvaro Aceves,ESP,GK,Valladolid,es La Liga,19,2003,0.1,0.0,0.0,0.0,0.0,0.0,0.1,0.04,0.1,0.9,1,2,50.0,7.0,3,28.6,25.7,1.0,0.0,24.0,1.0,0.0,0.0,2.0,13.85,33.0
1,2,Julen Agirrezabala,ESP,GK,Athletic Club,es La Liga,21,2000,7.5,6.0,0.0,0.0,0.0,0.0,5.5,0.3,-0.5,-0.06,37,101,36.6,179.0,33,29.6,30.5,62.0,77.4,55.4,96.0,11.0,11.5,10.0,1.33,15.4
2,3,Doğan Alemdar,TUR,GK,Rennes,fr Ligue 1,19,2002,4.5,8.0,1.0,0.0,2.0,0.0,6.5,0.29,-1.5,-0.32,23,67,34.3,109.0,14,38.5,33.0,35.0,71.4,51.4,75.0,5.0,6.7,5.0,1.11,14.8
3,4,Alisson,BRA,GK,Liverpool,eng Premier League,29,1992,37.0,43.0,2.0,0.0,0.0,2.0,51.1,0.33,10.1,0.27,116,283,41.0,1256.0,210,18.4,26.9,193.0,26.9,31.3,397.0,23.0,5.8,89.0,2.41,19.8
4,5,Alphonse Areola,FRA,GK,West Ham,eng Premier League,29,1993,3.4,7.0,2.0,0.0,1.0,0.0,7.3,0.33,0.3,0.09,14,37,37.8,61.0,14,39.3,33.4,30.0,43.3,33.0,47.0,2.0,4.3,1.0,0.29,10.3
5,6,Kepa Arrizabalaga,ESP,GK,Chelsea,eng Premier League,27,1994,28.5,33.0,1.0,1.0,4.0,3.0,35.0,0.29,5.0,0.18,68,213,31.9,864.0,151,17.1,26.3,182.0,35.7,31.5,332.0,15.0,4.5,52.0,1.82,16.9
6,7,Sergio Asenjo,ESP,GK,Valladolid,es La Liga,33,1989,10.0,21.0,1.0,1.0,0.0,0.0,16.8,0.31,-4.2,-0.42,58,162,35.8,260.0,46,38.8,35.8,92.0,66.3,51.2,166.0,5.0,3.0,17.0,1.7,16.1
7,8,Emil Audero,IDN,GK,Sampdoria,it Serie A,25,1997,25.0,39.0,5.0,0.0,4.0,2.0,32.3,0.21,-4.7,-0.19,159,441,36.1,714.0,104,45.8,39.1,200.0,57.0,44.2,356.0,24.0,6.7,23.0,0.92,13.9
8,9,Édgar Badía,ESP,GK,Elche,es La Liga,30,1992,36.0,63.0,7.0,0.0,4.0,2.0,69.5,0.31,8.5,0.24,191,422,45.3,772.0,166,33.8,34.2,296.0,54.4,41.7,574.0,21.0,3.7,20.0,0.56,12.7
9,10,Francesco Bardi,ITA,GK,Bologna,it Serie A,30,1992,1.0,0.0,0.0,0.0,0.0,0.0,0.6,0.16,0.6,0.56,5,9,55.6,13.0,5,38.5,35.6,9.0,44.4,33.4,10.0,0.0,0.0,0.0,0.0,
10,11,Oliver Baumann,GER,GK,Hoffenheim,de Bundesliga,32,1990,34.0,57.0,2.0,1.0,11.0,1.0,50.4,0.31,-5.6,-0.16,206,525,39.2,1164.0,168,35.3,33.6,249.0,45.8,39.3,529.0,43.0,8.1,43.0,1.26,13.4
11,12,Gavin Bazunu,IRL,GK,Southampton,eng Premier League,20,2002,32.0,56.0,1.0,1.0,7.0,4.0,35.1,0.28,-16.9,-0.53,212,629,33.7,935.0,144,50.2,38.1,237.0,67.5,50.0,456.0,36.0,7.9,48.0,1.5,15.1
12,13,Asmir Begović,BIH,GK,Everton,eng Premier League,35,1987,1.0,0.0,0.0,0.0,0.0,0.0,0.5,0.12,0.5,0.49,4,13,30.8,22.0,5,36.4,34.9,8.0,62.5,46.8,23.0,1.0,4.3,0.0,0.0,5.0
13,14,Daniel Bentley,ENG,GK,Wolves,eng Premier League,29,1993,2.0,3.0,0.0,0.0,0.0,0.0,3.9,0.3,0.9,0.44,10,29,34.5,57.0,14,38.6,32.9,23.0,30.4,32.2,37.0,5.0,13.5,1.0,0.5,8.0
14,15,Paul Bernardoni,FRA,GK,Angers,fr Ligue 1,25,1997,27.0,62.0,8.0,1.0,6.0,3.0,51.4,0.31,-7.6,-0.28,94,291,32.3,479.0,124,39.5,34.6,185.0,55.1,42.6,357.0,21.0,5.9,18.0,0.67,11.4
15,16,Marco Bizot,NED,GK,Brest,fr Ligue 1,31,1991,37.0,54.0,7.0,1.0,11.0,2.0,54.9,0.26,2.9,0.08,198,477,41.5,806.0,163,38.2,35.5,289.0,58.5,43.9,520.0,30.0,5.8,25.0,0.68,11.6
16,17,Rubén Blanco,ESP,GK,Marseille,fr Ligue 1,27,1995,5.5,6.0,0.0,0.0,1.0,2.0,3.9,0.2,-0.1,-0.02,11,47,23.4,165.0,31,20.6,27.4,41.0,31.7,32.1,73.0,3.0,4.1,7.0,1.27,17.9
17,18,Janis Blaswich,GER,GK,RB Leipzig,de Bundesliga,31,1991,26.0,29.0,6.0,0.0,2.0,0.0,26.9,0.27,-2.1,-0.08,59,189,31.2,985.0,126,14.9,25.3,156.0,26.9,30.0,288.0,20.0,6.9,39.0,1.5,17.0
18,19,Joaquín Blázquez,ARG,GK,Brest,fr Ligue 1,21,2001,1.0,0.0,0.0,0.0,0.0,0.0,0.2,0.06,0.2,0.17,8,13,61.5,18.0,3,61.1,45.7,11.0,18.2,26.3,11.0,2.0,18.2,0.0,0.0,3.5
19,20,Yassine Bounou,MAR,GK,Sevilla,es La Liga,31,1991,23.9,41.0,2.0,1.0,3.0,2.0,37.3,0.34,-1.7,-0.07,115,303,38.0,785.0,92,27.9,30.9,162.0,51.9,42.1,308.0,20.0,6.5,39.0,1.63,17.4
20,21,Claudio Bravo,CHI,GK,Betis,es La Liga,39,1983,12.0,9.0,1.0,0.0,1.0,0.0,11.0,0.24,2.0,0.17,75,225,33.3,288.0,42,51.7,39.6,101.0,75.2,52.5,213.0,4.0,1.9,6.0,0.5,12.1
21,22,Fabian Bredlow,GER,GK,Stuttgart,de Bundesliga,27,1995,15.0,23.0,5.0,0.0,3.0,1.0,20.1,0.26,-1.9,-0.13,55,129,42.6,503.0,86,20.3,27.6,91.0,29.7,33.5,203.0,12.0,5.9,15.0,1.0,15.2
22,23,Marcin Bułka,POL,GK,Nice,fr Ligue 1,22,1999,2.0,2.0,0.0,0.0,0.0,0.0,3.1,0.52,1.1,0.56,8,20,40.0,49.0,11,20.4,28.1,18.0,55.6,44.2,26.0,2.0,7.7,3.0,1.5,13.8
23,24,Juan Carlos,ESP,GK,Girona,es La Liga,34,1988,10.0,18.0,2.0,2.0,1.0,0.0,16.7,0.35,-1.3,-0.13,23,64,35.9,278.0,51,17.6,28.7,62.0,24.2,30.3,120.0,6.0,5.0,21.0,2.1,16.9
24,25,Marco Carnesecchi,ITA,GK,Cremonese,it Serie A,22,2000,27.0,47.0,2.0,3.0,7.0,1.0,44.2,0.28,-1.8,-0.07,157,523,30.0,745.0,135,52.2,41.4,203.0,66.0,53.1,402.0,29.0,7.2,29.0,1.07,14.1
25,26,Matis Carvalho,POR,GK,Montpellier,fr Ligue 1,23,1999,1.5,3.0,0.0,0.0,0.0,0.0,1.9,0.24,-1.1,-0.7,14,43,32.6,38.0,4,78.9,49.4,14.0,92.9,61.4,38.0,2.0,5.3,0.0,0.0,8.3
26,27,Koen Casteels,BEL,GK,Wolfsburg,de Bundesliga,30,1992,34.0,48.0,4.0,0.0,5.0,3.0,43.9,0.27,-1.1,-0.03,257,588,43.7,1326.0,183,33.3,33.7,258.0,57.0,47.5,489.0,29.0,5.9,51.0,1.5,16.5
27,28,Michele Cerofolini,ITA,GK,Fiorentina,it Serie A,23,1999,5.0,3.0,1.0,0.0,0.0,0.0,3.4,0.22,0.4,0.09,24,70,34.3,167.0,27,34.7,33.3,28.0,42.9,38.1,29.0,1.0,3.4,3.0,0.6,13.8
28,29,Lucas Chevalier,FRA,GK,Lille,fr Ligue 1,20,2001,32.0,31.0,2.0,2.0,1.0,3.0,30.5,0.27,2.5,0.08,76,282,27.0,903.0,121,26.2,29.4,105.0,42.9,37.2,317.0,22.0,6.9,25.0,0.78,13.5
29,30,Oliver Christensen,DEN,GK,Hertha BSC,de Bundesliga,23,1999,33.0,68.0,5.0,4.0,8.0,0.0,57.9,0.33,-10.1,-0.31,204,586,34.8,977.0,166,42.5,35.9,235.0,72.8,54.3,486.0,33.0,6.8,70.0,2.12,18.8
30,31,Andrea Consigli,ITA,GK,Sassuolo,it Serie A,35,1987,35.0,55.0,3.0,0.0,5.0,2.0,38.5,0.31,-14.5,-0.41,176,436,40.4,1140.0,187,30.4,33.3,285.0,31.2,32.5,467.0,28.0,6.0,28.0,0.8,14.2
31,32,Alex Cordaz,ITA,GK,Inter,it Serie A,39,1983,0.3,0.0,0.0,0.0,0.0,0.0,0.5,0.26,0.5,1.77,1,7,14.3,15.0,3,26.7,33.5,5.0,60.0,52.0,7.0,0.0,0.0,0.0,0.0,
32,33,Benoît Costil,FRA,GK,Auxerre,fr Ligue 1,35,1987,19.0,41.0,3.0,0.0,3.0,0.0,34.0,0.33,-7.0,-0.37,132,292,45.2,454.0,72,41.9,36.8,137.0,74.5,51.7,285.0,3.0,1.1,11.0,0.58,13.1
33,34,Thibaut Courtois,BEL,GK,Real Madrid,es La Liga,30,1992,31.0,29.0,4.0,0.0,1.0,0.0,29.7,0.22,0.7,0.02,83,214,38.8,982.0,194,18.4,27.7,152.0,21.7,29.5,366.0,32.0,8.7,40.0,1.29,15.4
34,35,Alessio Cragno,ITA,GK,Monza,it Serie A,28,1994,1.0,3.0,0.0,0.0,0.0,0.0,1.7,0.35,-1.3,-1.33,2,4,50.0,25.0,4,12.0,22.6,6.0,16.7,33.3,7.0,0.0,0.0,2.0,2.0,25.7
35,36,Finn Dahmen,GER,GK,Mainz 05,de Bundesliga,24,1998,8.0,16.0,1.0,0.0,3.0,0.0,13.5,0.25,-2.5,-0.32,48,139,34.5,226.0,38,42.9,36.6,54.0,77.8,54.5,158.0,17.0,10.8,8.0,1.0,13.8
36,37,Rémy Descamps,FRA,GK,Nantes,fr Ligue 1,26,1996,1.0,1.0,0.0,0.0,0.0,0.0,1.5,0.25,0.5,0.48,5,9,55.6,20.0,9,25.0,33.2,6.0,66.7,46.5,11.0,1.0,9.1,0.0,0.0,7.0
37,38,Michele Di Gregorio,ITA,GK,Monza,it Serie A,25,1997,37.0,49.0,3.0,1.0,4.0,1.0,48.7,0.28,0.7,0.02,166,476,34.9,1265.0,236,30.4,32.2,247.0,37.2,34.9,541.0,14.0,2.6,32.0,0.86,13.4
38,39,Mory Diaw,SEN,GK,Clermont Foot,fr Ligue 1,29,1993,37.0,47.0,8.0,0.0,5.0,0.0,55.4,0.28,8.4,0.23,235,601,39.1,1209.0,173,40.0,37.0,255.0,45.9,40.4,464.0,34.0,7.3,25.0,0.68,11.5
39,40,Stole Dimitrievski,MKD,GK,Rayo Vallecano,es La Liga,28,1993,36.9,49.0,4.0,0.0,9.0,4.0,44.2,0.3,-0.8,-0.02,152,537,28.3,816.0,199,45.0,38.6,299.0,56.9,46.7,500.0,24.0,4.8,52.0,1.41,16.1
40,41,Yehvann Diouf,FRA,GK,Reims,fr Ligue 1,22,1999,31.0,31.0,1.0,2.0,2.0,1.0,37.0,0.27,7.0,0.22,136,308,44.2,874.0,191,28.3,31.8,185.0,33.0,34.3,430.0,40.0,9.3,35.0,1.13,12.7
41,42,Ouparine Djoco,GNB,GK,Clermont Foot,fr Ligue 1,24,1998,1.0,2.0,0.0,0.0,0.0,0.0,1.0,0.34,-1.0,-0.97,3,17,17.6,30.0,4,40.0,33.6,10.0,50.0,31.7,14.0,1.0,7.1,5.0,5.0,21.3
42,43,Marko Dmitrović,SRB,GK,Sevilla,es La Liga,30,1992,14.1,13.0,0.0,0.0,2.0,1.0,12.2,0.23,0.2,0.02,103,326,31.6,372.0,44,58.1,44.0,131.0,84.0,62.4,216.0,12.0,5.6,10.0,0.71,12.2
43,44,Gianluigi Donnarumma,ITA,GK,Paris S-G,fr Ligue 1,23,1999,37.9,40.0,2.0,1.0,3.0,1.0,43.3,0.26,4.3,0.11,54,148,36.5,728.0,167,15.0,23.9,207.0,18.8,24.1,436.0,33.0,7.6,27.0,0.71,12.1
44,45,Bartłomiej Drągowski,POL,GK,Spezia,it Serie A,24,1997,32.7,54.0,4.0,1.0,7.0,3.0,46.1,0.25,-4.9,-0.15,151,482,31.3,975.0,159,37.6,34.6,196.0,58.7,46.5,472.0,13.0,2.8,32.0,0.98,14.1
45,46,Martin Dúbravka,SVK,GK,Newcastle Utd,eng Premier League,33,1989,1.7,1.0,0.0,0.0,0.0,1.0,1.9,0.21,1.9,1.07,6,10,60.0,39.0,14,10.3,20.7,15.0,40.0,35.3,30.0,1.0,3.3,0.0,0.0,12.4
46,47,Maxime Dupé,FRA,GK,Toulouse,fr Ligue 1,29,1993,38.0,57.0,4.0,2.0,8.0,3.0,54.2,0.28,0.2,0.01,136,363,37.5,1006.0,176,24.4,29.5,264.0,44.7,37.2,517.0,30.0,5.8,21.0,0.55,10.1
47,48,Ederson,BRA,GK,Manchester City,eng Premier League,28,1993,35.0,32.0,3.0,1.0,4.0,1.0,26.2,0.3,-4.8,-0.14,117,263,44.5,1104.0,147,19.6,28.0,152.0,30.9,32.3,286.0,19.0,6.6,33.0,0.94,15.7
48,49,Tjark Ernst,GER,GK,Hertha BSC,de Bundesliga,19,2003,1.0,1.0,0.0,0.0,0.0,0.0,2.5,0.36,1.5,1.52,5,13,38.5,22.0,6,27.3,31.2,13.0,53.8,43.1,18.0,0.0,0.0,0.0,0.0,3.5
49,50,Łukasz Fabiański,POL,GK,West Ham,eng Premier League,37,1985,34.6,48.0,2.0,0.0,3.0,1.0,45.9,0.28,-1.1,-0.03,198,516,38.4,677.0,153,54.2,39.3,249.0,59.8,44.8,513.0,29.0,5.7,25.0,0.72,13.0
50,51,Ralf Fährmann,GER,GK,Schalke 04,de Bundesliga,33,1988,11.4,13.0,1.0,0.0,1.0,1.0,12.4,0.21,0.4,0.04,99,217,45.6,358.0,50,45.0,36.8,83.0,67.5,48.9,162.0,11.0,6.8,9.0,0.79,11.6
51,52,Wladimiro Falcone,ITA,GK,Lecce,it Serie A,27,1995,38.0,46.0,5.0,2.0,6.0,3.0,43.5,0.24,0.5,0.01,194,721,26.9,876.0,143,56.8,42.1,282.0,79.1,53.5,534.0,23.0,4.3,42.0,1.11,14.1
52,53,Aitor Fernández,ESP,GK,Osasuna,es La Liga,31,1991,21.0,19.0,0.0,0.0,0.0,1.0,17.7,0.24,-0.3,-0.01,191,438,43.6,615.0,87,50.9,41.1,174.0,71.8,54.2,319.0,14.0,4.4,37.0,1.76,16.3
53,54,Álvaro Fernández,ESP,GK,Espanyol,es La Liga,24,1998,11.0,18.0,0.0,0.0,4.0,1.0,15.2,0.31,-1.8,-0.17,104,221,47.1,253.0,37,55.7,42.5,103.0,77.7,54.8,153.0,5.0,3.3,15.0,1.36,16.3
54,55,Fernando,ESP,GK,Almería,es La Liga,32,1990,36.5,61.0,4.0,1.0,4.0,1.0,60.5,0.29,0.5,0.01,199,557,35.7,967.0,211,39.1,36.9,341.0,52.5,42.9,614.0,39.0,6.4,26.0,0.71,12.4
55,56,Vincenzo Fiorillo,ITA,GK,Salernitana,it Serie A,32,1990,1.0,2.0,0.0,0.0,0.0,0.0,1.9,0.49,-0.1,-0.05,7,15,46.7,19.0,3,57.9,37.9,5.0,80.0,56.2,7.0,1.0,14.3,0.0,0.0,6.0
56,57,Mark Flekken,NED,GK,Freiburg,de Bundesliga,29,1993,34.0,44.0,5.0,0.0,4.0,0.0,46.4,0.28,2.4,0.07,271,665,40.8,1231.0,121,40.2,37.6,231.0,73.6,58.0,434.0,32.0,7.4,43.0,1.26,15.0
57,58,Yahia Fofana,CIV,GK,Angers,fr Ligue 1,21,2000,11.0,19.0,1.0,0.0,3.0,1.0,16.4,0.27,-1.6,-0.14,33,125,26.4,256.0,70,35.2,33.6,69.0,50.7,41.7,143.0,17.0,11.9,9.0,0.82,11.8
58,59,Fraser Forster,ENG,GK,Tottenham,eng Premier League,34,1988,13.5,24.0,2.0,1.0,4.0,0.0,21.3,0.34,-2.7,-0.2,36,124,29.0,269.0,71,29.0,30.2,93.0,49.5,37.6,193.0,5.0,2.6,16.0,1.19,15.2
59,60,Gauthier Gallon,FRA,GK,Troyes,fr Ligue 1,29,1993,29.6,65.0,5.0,0.0,8.0,2.0,54.9,0.29,-8.1,-0.27,107,391,27.4,707.0,144,35.2,33.2,241.0,58.9,44.4,496.0,33.0,6.7,9.0,0.3,8.8
60,61,Joan García,ESP,GK,Espanyol,es La Liga,21,2001,1.0,3.0,1.0,0.0,0.0,0.0,1.8,0.21,-1.2,-1.16,2,6,33.3,27.0,4,14.8,21.7,3.0,66.7,47.3,16.0,2.0,12.5,1.0,1.0,13.0
61,62,Paulo Gazzaniga,ARG,GK,Girona,es La Liga,30,1992,28.0,37.0,4.0,0.0,4.0,0.0,45.3,0.33,8.3,0.3,146,400,36.5,822.0,141,31.1,32.4,242.0,59.5,47.9,477.0,37.0,7.8,38.0,1.36,15.1
62,63,David de Gea,ESP,GK,Manchester Utd,eng Premier League,31,1990,38.0,43.0,2.0,2.0,6.0,1.0,41.3,0.27,-0.7,-0.02,141,449,31.4,1032.0,128,32.6,32.3,179.0,63.1,47.1,526.0,15.0,2.9,32.0,0.84,14.8
63,64,Rafał Gikiewicz,POL,GK,Augsburg,de Bundesliga,34,1987,23.0,41.0,1.0,1.0,4.0,0.0,41.3,0.28,0.3,0.01,185,452,40.9,916.0,127,33.3,33.0,234.0,62.8,48.9,363.0,21.0,5.8,45.0,1.96,16.7
64,65,David Gil,ESP,GK,Cádiz,es La Liga,28,1994,4.0,5.0,1.0,0.0,1.0,0.0,6.3,0.23,1.3,0.32,34,94,36.2,93.0,15,64.5,46.4,36.0,94.4,65.1,56.0,2.0,3.6,4.0,1.0,13.6
65,66,Pierluigi Gollini,ITA,GK,Fiorentina,it Serie A,27,1995,3.0,2.0,0.0,0.0,1.0,0.0,1.7,0.21,-0.3,-0.1,13,38,34.2,115.0,17,27.0,32.4,11.0,63.6,49.3,24.0,1.0,4.2,0.0,0.0,9.3
66,67,Pierluigi Gollini,ITA,GK,Napoli,it Serie A,27,1995,4.0,4.0,0.0,0.0,1.0,0.0,3.1,0.19,-0.9,-0.23,15,36,41.7,128.0,24,20.3,29.6,31.0,32.3,32.2,56.0,2.0,3.6,4.0,1.0,18.8
67,68,Antonio Gomis,ESP,GK,Atlético Madrid,es La Liga,19,2003,0.1,1.0,0.0,0.0,0.0,0.0,0.6,0.64,-0.4,-5.35,0,3,0.0,2.0,0,100.0,58.5,1.0,100.0,94.0,3.0,0.0,0.0,0.0,0.0,1.0
68,69,Ivo Grbić,CRO,GK,Atlético Madrid,es La Liga,26,1996,10.2,12.0,3.0,0.0,4.0,0.0,13.8,0.23,1.8,0.17,46,148,31.1,230.0,50,37.4,34.1,99.0,62.6,47.4,214.0,23.0,10.7,7.0,0.68,9.2
69,70,Dominik Greif,SVK,GK,Mallorca,es La Liga,25,1997,1.0,3.0,0.0,0.0,0.0,0.0,2.2,0.28,-0.8,-0.76,19,34,55.9,23.0,2,87.0,54.9,15.0,93.3,64.5,19.0,2.0,10.5,0.0,0.0,4.0
70,71,Lennart Grill,GER,GK,Union Berlin,de Bundesliga,23,1999,5.0,11.0,2.0,0.0,1.0,0.0,9.0,0.28,-2.0,-0.41,48,108,44.4,197.0,28,48.2,37.1,17.0,76.5,55.2,47.0,8.0,17.0,7.0,1.4,15.1
71,72,Vicente Guaita,ESP,GK,Crystal Palace,eng Premier League,35,1987,27.0,34.0,2.0,0.0,4.0,2.0,32.4,0.26,0.4,0.01,115,320,35.9,635.0,140,34.5,32.3,206.0,49.0,37.4,410.0,26.0,6.3,26.0,0.96,13.1
72,73,Péter Gulácsi,HUN,GK,RB Leipzig,de Bundesliga,32,1990,6.0,10.0,1.0,0.0,2.0,1.0,10.1,0.37,1.1,0.19,11,37,29.7,179.0,37,15.6,26.4,36.0,25.0,29.6,61.0,3.0,4.9,10.0,1.67,19.4
73,74,Samir Handanović,SVN,GK,Inter,it Serie A,38,1984,13.7,18.0,1.0,0.0,1.0,1.0,15.0,0.27,-2.0,-0.14,45,87,51.7,508.0,71,15.6,24.7,71.0,11.3,25.5,149.0,2.0,1.3,10.0,0.73,15.4
74,75,Dean Henderson,ENG,GK,Nott'ham Forest,eng Premier League,25,1997,18.0,31.0,2.0,1.0,5.0,0.0,26.9,0.28,-4.1,-0.23,108,334,32.3,513.0,107,47.2,38.5,156.0,59.0,45.3,291.0,20.0,6.9,27.0,1.5,15.6
75,76,Wayne Hennessey,WAL,GK,Nott'ham Forest,eng Premier League,35,1987,3.0,5.0,0.0,0.0,1.0,0.0,3.9,0.28,-1.1,-0.36,23,58,39.7,72.0,13,54.2,43.2,25.0,76.0,54.5,35.0,1.0,2.9,2.0,0.66,17.0
76,77,Sergio Herrera,ESP,GK,Osasuna,es La Liga,29,1993,17.0,23.0,1.0,1.0,3.0,1.0,21.4,0.28,-0.6,-0.04,151,351,43.0,475.0,58,56.0,42.7,135.0,63.0,48.3,215.0,16.0,7.4,20.0,1.18,18.5
77,78,Lukáš Hrádecký,FIN,GK,Leverkusen,de Bundesliga,32,1989,33.0,47.0,7.0,1.0,5.0,2.0,41.3,0.25,-3.7,-0.11,117,373,31.4,899.0,148,31.3,32.0,202.0,45.5,38.7,404.0,27.0,6.7,26.0,0.79,14.1
78,79,Daniel Iversen,DEN,GK,Leicester City,eng Premier League,25,1997,12.0,22.0,2.0,2.0,2.0,1.0,18.9,0.29,-2.1,-0.18,38,194,19.6,261.0,49,47.1,37.2,114.0,62.3,46.2,203.0,16.0,7.9,6.0,0.5,10.3
79,80,Léo Jardim,BRA,GK,Lille,fr Ligue 1,27,1995,6.0,13.0,2.0,0.0,2.0,0.0,8.6,0.4,-4.4,-0.73,6,34,17.6,138.0,27,21.7,26.8,15.0,26.7,26.7,65.0,5.0,7.7,9.0,1.5,16.0
80,81,Sam Johnstone,ENG,GK,Crystal Palace,eng Premier League,29,1993,9.0,10.0,2.0,0.0,4.0,1.0,10.0,0.24,1.0,0.11,30,99,30.3,233.0,41,31.8,31.8,46.0,54.3,42.8,104.0,2.0,1.9,11.0,1.22,15.4
81,82,Filip Jørgensen,DEN,GK,Villarreal,es La Liga,20,2002,2.0,3.0,0.0,0.0,0.0,0.0,2.3,0.39,-0.7,-0.34,0,4,0.0,44.0,9,9.1,22.8,11.0,0.0,17.5,18.0,2.0,11.1,4.0,2.0,13.3
82,83,Bingourou Kamara,SEN,GK,Montpellier,fr Ligue 1,25,1996,4.5,11.0,1.0,0.0,2.0,0.0,9.1,0.29,-1.9,-0.41,18,57,31.6,95.0,19,42.1,35.4,35.0,48.6,39.9,52.0,3.0,5.8,2.0,0.44,11.2
83,84,Caoimhín Kelleher,IRL,GK,Liverpool,eng Premier League,23,1998,1.0,4.0,0.0,0.0,0.0,0.0,2.9,0.34,-1.1,-1.06,2,2,100.0,22.0,7,9.1,24.3,2.0,0.0,20.5,3.0,0.0,0.0,0.0,0.0,9.0
84,85,Gregor Kobel,SUI,GK,Dortmund,de Bundesliga,24,1997,27.0,32.0,1.0,0.0,5.0,1.0,33.8,0.29,2.8,0.1,100,252,39.7,855.0,122,20.9,28.9,192.0,38.0,36.5,295.0,15.0,5.1,37.0,1.37,17.1
85,86,Tomáš Koubek,CZE,GK,Augsburg,de Bundesliga,29,1992,11.0,22.0,0.0,1.0,0.0,2.0,22.0,0.36,2.0,0.19,77,225,34.2,414.0,48,37.9,36.5,96.0,70.8,52.5,176.0,10.0,5.7,22.0,2.0,16.8
86,87,Alban Lafont,FRA,GK,Nantes,fr Ligue 1,23,1999,37.0,54.0,9.0,1.0,6.0,4.0,54.8,0.26,4.8,0.13,189,516,36.6,942.0,202,37.2,35.5,247.0,67.2,49.3,493.0,42.0,8.5,39.0,1.05,12.3
87,88,Jean-Louis Leca,FRA,GK,Lens,fr Ligue 1,36,1985,1.0,1.0,0.0,0.0,0.0,0.0,1.6,0.4,0.6,0.6,9,14,64.3,29.0,5,44.8,36.8,10.0,10.0,20.4,20.0,1.0,5.0,0.0,0.0,8.2
88,89,Benjamin Lecomte,FRA,GK,Espanyol,es La Liga,31,1991,10.0,14.0,0.0,0.0,2.0,1.0,10.4,0.26,-2.6,-0.26,72,160,45.0,192.0,25,57.3,43.1,80.0,62.5,47.0,146.0,4.0,2.7,11.0,1.1,15.3
89,90,Benjamin Lecomte,FRA,GK,Montpellier,fr Ligue 1,31,1991,19.0,22.0,2.0,0.0,2.0,0.0,29.5,0.29,7.5,0.4,116,322,36.0,475.0,72,46.9,37.8,165.0,60.0,44.2,273.0,15.0,5.5,13.0,0.68,10.8
90,91,Jeremías Ledesma,ARG,GK,Cádiz,es La Liga,29,1993,34.0,48.0,8.0,1.0,6.0,0.0,47.1,0.22,-0.9,-0.03,236,735,32.1,824.0,135,58.5,44.9,285.0,88.8,64.1,595.0,42.0,7.1,26.0,0.76,10.8
91,92,Bernd Leno,GER,GK,Fulham,eng Premier League,30,1992,36.0,51.0,7.0,1.0,8.0,2.0,58.0,0.27,9.0,0.25,124,391,31.7,1153.0,190,26.0,30.0,242.0,37.6,36.0,464.0,35.0,7.5,46.0,1.28,14.9
92,93,Donovan Léon,GUF,GK,Auxerre,fr Ligue 1,29,1992,2.0,2.0,1.0,0.0,0.0,0.0,1.9,0.13,-0.1,-0.03,19,57,33.3,55.0,8,63.6,46.4,24.0,91.7,66.1,41.0,0.0,0.0,2.0,1.0,12.9
93,94,Benjamin Leroy,FRA,GK,Ajaccio,fr Ligue 1,33,1989,31.1,60.0,8.0,1.0,10.0,1.0,47.7,0.3,-11.3,-0.36,213,522,40.8,657.0,77,52.4,38.5,212.0,84.0,52.1,389.0,18.0,4.6,54.0,1.74,16.9
94,95,Alexandre Letellier,FRA,GK,Paris S-G,fr Ligue 1,31,1990,0.1,0.0,0.0,0.0,0.0,0.0,0.0,,0.0,0.0,0,0,,3.0,0,0.0,19.0,1.0,0.0,11.0,1.0,0.0,0.0,0.0,0.0,
95,96,Mateusz Lis,POL,GK,Troyes,fr Ligue 1,25,1997,8.3,16.0,2.0,0.0,2.0,0.0,16.4,0.28,0.4,0.05,39,127,30.7,235.0,41,38.7,35.2,78.0,46.2,37.4,154.0,12.0,7.8,13.0,1.56,14.4
96,97,Hugo Lloris,FRA,GK,Tottenham,eng Premier League,35,1986,24.5,39.0,1.0,0.0,3.0,1.0,33.9,0.29,-4.1,-0.17,77,218,35.3,539.0,109,31.7,31.4,186.0,25.3,25.8,322.0,20.0,6.2,29.0,1.18,13.7
97,98,Anthony Lopes,POR,GK,Lyon,fr Ligue 1,31,1990,31.3,39.0,7.0,2.0,5.0,2.0,41.4,0.27,4.4,0.14,114,317,36.0,838.0,134,31.3,31.9,183.0,30.1,31.8,358.0,19.0,5.3,25.0,0.8,13.9
98,99,Diego López,ESP,GK,Rayo Vallecano,es La Liga,40,1981,1.1,4.0,0.0,0.0,2.0,0.0,1.7,0.33,-2.3,-2.19,2,8,25.0,21.0,5,28.6,30.3,8.0,25.0,35.3,12.0,0.0,0.0,2.0,1.88,17.0
99,100,Pau López,ESP,GK,Marseille,fr Ligue 1,27,1994,32.5,34.0,5.0,0.0,6.0,1.0,33.8,0.24,0.8,0.02,112,324,34.6,941.0,132,25.1,31.0,172.0,51.2,40.4,370.0,22.0,5.9,37.0,1.14,15.4
100,101,Andriy Lunin,UKR,GK,Real Madrid,es La Liga,23,1999,7.0,7.0,0.0,0.0,1.0,1.0,4.5,0.25,-1.5,-0.21,14,27,51.9,190.0,36,7.9,23.3,37.0,32.4,35.6,54.0,1.0,1.9,11.0,1.57,21.7
101,102,Andrey Lunyov,RUS,GK,Leverkusen,de Bundesliga,30,1991,1.0,2.0,0.0,0.0,0.0,0.0,1.4,0.35,-0.6,-0.61,4,10,40.0,41.0,7,24.4,30.3,3.0,0.0,15.3,6.0,1.0,16.7,1.0,1.0,13.0
102,103,Mike Maignan,FRA,GK,Milan,it Serie A,27,1995,22.0,21.0,2.0,1.0,2.0,0.0,20.3,0.28,-0.7,-0.03,76,193,39.4,725.0,119,22.8,29.8,85.0,32.9,35.1,221.0,15.0,6.8,32.0,1.46,17.8
103,104,Giorgi Mamardashvili,GEO,GK,Valencia,es La Liga,21,2000,38.0,45.0,2.0,0.0,7.0,2.0,42.9,0.28,-0.1,0.0,177,522,33.9,843.0,142,40.8,35.1,239.0,74.5,54.2,457.0,35.0,7.7,47.0,1.24,16.3
104,105,Steve Mandanda,FRA,GK,Rennes,fr Ligue 1,37,1985,33.5,31.0,2.0,0.0,5.0,1.0,32.4,0.28,2.4,0.07,163,420,38.8,1022.0,166,30.6,31.5,192.0,55.7,41.5,382.0,35.0,9.2,51.0,1.52,16.7
105,106,Vito Mannone,ITA,GK,Lorient,fr Ligue 1,34,1988,17.9,24.0,1.0,2.0,2.0,0.0,25.2,0.29,1.2,0.07,56,176,31.8,471.0,101,25.9,29.5,112.0,48.2,37.5,344.0,12.0,3.5,9.0,0.5,10.6
106,107,Agustín Marchesín,ARG,GK,Celta Vigo,es La Liga,34,1988,19.0,29.0,2.0,1.0,4.0,1.0,20.7,0.24,-7.3,-0.38,103,267,38.6,500.0,75,39.8,35.3,131.0,51.9,42.9,253.0,14.0,5.5,25.0,1.32,18.1
107,108,Federico Marchetti,ITA,GK,Spezia,it Serie A,39,1983,0.7,2.0,0.0,0.0,0.0,0.0,1.5,0.48,-0.5,-0.74,2,4,50.0,10.0,2,10.0,24.3,8.0,37.5,32.4,8.0,0.0,0.0,1.0,1.36,22.0
108,109,Diego Mariño,ESP,GK,Almería,es La Liga,32,1990,0.5,2.0,0.0,0.0,0.0,0.0,1.4,0.28,-0.6,-1.25,2,3,66.7,3.0,1,33.3,35.7,5.0,40.0,45.6,12.0,0.0,0.0,0.0,0.0,7.0
109,110,Emiliano Martínez,ARG,GK,Aston Villa,eng Premier League,29,1992,34.9,38.0,4.0,1.0,6.0,4.0,36.6,0.24,2.6,0.07,199,523,38.0,1171.0,135,35.5,33.0,212.0,50.5,40.7,483.0,60.0,12.4,73.0,2.09,16.6
110,111,Jordi Masip,ESP,GK,Valladolid,es La Liga,33,1989,27.9,42.0,5.0,0.0,0.0,1.0,45.8,0.27,4.8,0.17,133,389,34.2,722.0,121,36.8,35.9,239.0,51.5,41.9,396.0,15.0,3.8,14.0,0.5,12.7
111,112,Luís Maximiano,POR,GK,Lazio,it Serie A,23,1999,0.1,,,,,,,,,,2,3,66.7,,1,,,,,,,,,,,19.0
112,113,Alex McCarthy,ENG,GK,Southampton,eng Premier League,32,1989,6.0,17.0,1.0,0.0,1.0,1.0,10.9,0.34,-5.1,-0.84,22,113,19.5,194.0,29,48.5,36.5,52.0,36.5,31.0,92.0,6.0,6.5,7.0,1.17,13.5
113,114,Edouard Mendy,SEN,GK,Chelsea,eng Premier League,30,1992,9.5,14.0,0.0,0.0,4.0,0.0,11.9,0.33,-2.1,-0.22,27,77,35.1,226.0,47,22.1,27.6,63.0,42.9,34.4,128.0,9.0,7.0,11.0,1.16,13.7
114,115,Alex Meret,ITA,GK,Napoli,it Serie A,25,1997,34.0,24.0,1.0,0.0,1.0,0.0,25.0,0.25,1.0,0.03,56,145,38.6,733.0,121,14.3,26.1,198.0,20.2,26.9,335.0,11.0,3.3,39.0,1.15,17.0
115,116,Illan Meslier,FRA,GK,Leeds United,eng Premier League,22,2000,34.0,67.0,3.0,1.0,7.0,1.0,53.6,0.32,-12.4,-0.36,106,449,23.6,794.0,194,39.4,33.7,242.0,56.2,43.5,432.0,34.0,7.9,66.0,1.94,15.8
116,117,Alexander Meyer,GER,GK,Dortmund,de Bundesliga,31,1991,7.0,12.0,0.0,0.0,2.0,0.0,7.9,0.25,-4.1,-0.58,24,60,40.0,278.0,35,16.2,27.3,44.0,34.1,35.0,91.0,8.0,8.8,18.0,2.57,19.8
117,118,Vanja Milinković-Savić,SRB,GK,Torino,it Serie A,25,1997,38.0,41.0,5.0,0.0,6.0,0.0,35.8,0.23,-5.2,-0.14,285,939,30.4,1506.0,185,45.0,39.7,286.0,91.3,70.0,469.0,36.0,7.7,70.0,1.84,16.2
118,119,Antonio Mirante,ITA,GK,Milan,it Serie A,39,1983,0.0,0.0,0.0,0.0,0.0,0.0,0.0,,0.0,0.0,0,0,,3.0,0,0.0,27.0,1.0,0.0,15.0,0.0,0.0,,0.0,0.0,
119,120,Lorenzo Montipò,ITA,GK,Hellas Verona,it Serie A,26,1996,37.0,59.0,1.0,1.0,4.0,3.0,49.6,0.27,-6.4,-0.17,360,775,46.5,905.0,124,62.9,44.3,284.0,72.5,52.1,496.0,26.0,5.2,55.0,1.49,15.3
120,121,Florian Müller,GER,GK,Stuttgart,de Bundesliga,24,1997,19.0,34.0,1.0,2.0,3.0,0.0,27.2,0.3,-6.8,-0.36,98,212,46.2,599.0,98,26.9,29.2,133.0,38.3,36.6,260.0,6.0,2.3,28.0,1.47,18.9
121,122,Juan Musso,ARG,GK,Atalanta,it Serie A,28,1994,23.1,27.0,2.0,0.0,3.0,2.0,21.7,0.23,-3.3,-0.14,109,276,39.5,547.0,152,32.5,32.1,157.0,62.4,48.6,253.0,14.0,5.5,24.0,1.04,15.6
122,123,Yvon Mvogo,SUI,GK,Lorient,fr Ligue 1,28,1994,20.1,29.0,1.0,0.0,4.0,1.0,27.1,0.27,-0.9,-0.04,86,228,37.7,473.0,85,34.0,32.1,145.0,46.2,36.6,381.0,21.0,5.5,7.0,0.35,8.5
123,124,Keylor Navas,CRC,GK,Nott'ham Forest,eng Premier League,35,1986,17.0,32.0,4.0,1.0,3.0,0.0,29.3,0.32,-2.7,-0.16,106,320,33.1,378.0,65,56.3,41.3,151.0,70.9,48.1,295.0,14.0,4.7,9.0,0.53,9.0
124,125,Neto,BRA,GK,Bournemouth,eng Premier League,33,1989,26.5,39.0,4.0,0.0,8.0,1.0,39.7,0.26,1.7,0.06,160,437,36.6,601.0,136,47.4,37.8,231.0,65.8,44.6,510.0,35.0,6.9,25.0,0.94,12.1
125,126,Manuel Neuer,GER,GK,Bayern Munich,de Bundesliga,36,1986,12.0,11.0,2.0,0.0,0.0,0.0,14.7,0.29,3.7,0.31,39,79,49.4,435.0,81,16.6,26.8,69.0,10.1,23.8,103.0,4.0,3.9,23.0,1.92,19.5
126,127,Alexander Nübel,GER,GK,Monaco,fr Ligue 1,25,1996,38.0,58.0,5.0,1.0,4.0,3.0,49.5,0.24,-5.5,-0.14,189,445,42.5,875.0,203,32.2,32.8,266.0,61.3,45.6,454.0,36.0,7.9,33.0,0.87,12.7
127,128,Ørjan Nyland,NOR,GK,RB Leipzig,de Bundesliga,31,1990,2.0,2.0,0.0,0.0,1.0,1.0,1.8,0.36,0.8,0.39,11,33,33.3,83.0,9,32.5,33.6,15.0,40.0,36.7,28.0,0.0,0.0,0.0,0.0,12.5
128,129,Jan Oblak,SVN,GK,Atlético Madrid,es La Liga,29,1993,27.7,20.0,1.0,1.0,1.0,0.0,21.9,0.27,1.9,0.07,120,374,32.1,586.0,115,40.4,36.1,228.0,60.1,46.0,358.0,25.0,7.0,19.0,0.69,14.2
129,130,Guillermo Ochoa,MEX,GK,Salernitana,it Serie A,37,1985,20.0,33.0,3.0,1.0,6.0,0.0,34.8,0.3,1.8,0.09,135,430,31.4,556.0,45,53.6,40.9,200.0,66.0,47.3,311.0,11.0,3.5,10.0,0.5,12.3
130,131,Jan Olschowsky,GER,GK,Gladbach,de Bundesliga,20,2001,4.0,11.0,1.0,0.0,1.0,0.0,11.4,0.39,0.4,0.09,11,37,29.7,123.0,25,28.5,30.5,36.0,5.6,20.9,59.0,6.0,10.2,4.0,1.0,12.9
131,132,Robin Olsen,SWE,GK,Aston Villa,eng Premier League,32,1990,3.1,8.0,1.0,0.0,3.0,0.0,6.2,0.29,-1.8,-0.57,15,62,24.2,101.0,18,44.6,37.6,28.0,60.7,46.8,45.0,5.0,11.1,3.0,0.96,14.2
132,133,Jonas Omlin,SUI,GK,Montpellier,fr Ligue 1,28,1994,13.0,26.0,3.0,0.0,2.0,2.0,24.1,0.28,0.1,0.0,53,161,32.9,330.0,77,32.1,31.7,85.0,64.7,47.3,209.0,14.0,6.7,12.0,0.93,12.0
133,134,Jonas Omlin,SUI,GK,Gladbach,de Bundesliga,28,1994,14.3,18.0,2.0,0.0,0.0,0.0,18.1,0.29,0.1,0.0,57,177,32.2,638.0,74,22.3,28.7,100.0,35.0,35.3,220.0,15.0,6.8,20.0,1.4,14.8
134,135,André Onana,CMR,GK,Inter,it Serie A,26,1996,24.0,24.0,2.0,0.0,5.0,2.0,19.3,0.21,-2.7,-0.11,105,270,38.9,875.0,115,25.5,29.6,152.0,30.9,35.4,283.0,15.0,5.3,10.0,0.42,12.5
135,136,Stefan Ortega,GER,GK,Manchester City,eng Premier League,29,1992,3.0,1.0,0.0,0.0,0.0,0.0,4.1,0.27,3.1,1.02,11,24,45.8,155.0,16,14.8,23.9,12.0,8.3,20.3,26.0,1.0,3.8,7.0,2.33,21.1
136,137,Fernando Pacheco,ESP,GK,Almería,es La Liga,30,1992,1.0,2.0,0.0,0.0,1.0,0.0,1.6,0.32,-0.4,-0.42,3,12,25.0,26.0,8,42.3,40.2,4.0,25.0,36.0,16.0,1.0,6.3,2.0,2.0,14.5
137,138,Fernando Pacheco,ESP,GK,Espanyol,es La Liga,30,1992,16.0,33.0,4.0,0.0,3.0,0.0,26.6,0.25,-6.4,-0.4,127,272,46.7,417.0,56,42.4,36.2,137.0,69.3,49.6,242.0,16.0,6.6,19.0,1.19,13.8
138,139,Rui Patrício,POR,GK,Roma,it Serie A,34,1988,35.0,35.0,2.0,1.0,4.0,1.0,27.6,0.23,-6.4,-0.18,135,328,41.2,644.0,121,37.6,33.6,240.0,35.8,34.8,402.0,16.0,4.0,25.0,0.71,13.8
139,140,Jiří Pavlenka,CZE,GK,Werder Bremen,de Bundesliga,30,1992,32.3,61.0,2.0,0.0,5.0,2.0,51.9,0.29,-7.1,-0.22,198,497,39.8,893.0,152,40.1,36.3,279.0,49.8,42.9,481.0,22.0,4.6,38.0,1.18,14.9
140,141,Gianluca Pegolo,ITA,GK,Sassuolo,it Serie A,41,1981,2.0,3.0,1.0,0.0,0.0,0.0,3.2,0.38,0.2,0.12,9,18,50.0,61.0,10,21.3,29.7,16.0,31.3,28.3,28.0,2.0,7.1,0.0,0.0,9.0
141,142,Iñaki Peña,ESP,GK,Barcelona,es La Liga,23,1999,0.8,2.0,0.0,0.0,0.0,0.0,1.4,0.36,-0.6,-0.7,1,3,33.3,23.0,5,13.0,25.2,4.0,0.0,22.8,7.0,0.0,0.0,2.0,2.47,16.5
142,143,Patrick Pentz,AUT,GK,Reims,fr Ligue 1,25,1997,7.0,14.0,2.0,0.0,2.0,1.0,11.9,0.34,-1.1,-0.16,29,94,30.9,152.0,25,44.7,36.3,59.0,44.1,38.7,103.0,8.0,7.8,4.0,0.57,12.2
143,144,Simone Perilli,ITA,GK,Hellas Verona,it Serie A,27,1995,1.0,0.0,0.0,0.0,0.0,0.0,0.8,0.19,0.8,0.75,6,30,20.0,21.0,0,81.0,57.3,13.0,100.0,69.8,19.0,1.0,5.3,1.0,1.0,12.0
144,145,Mattia Perin,ITA,GK,Juventus,it Serie A,29,1992,10.5,7.0,1.0,0.0,1.0,0.0,11.2,0.23,4.2,0.39,32,107,29.9,287.0,54,28.6,30.8,63.0,39.7,35.9,154.0,4.0,2.6,11.0,1.04,15.7
145,146,Samuele Perisan,ITA,GK,Empoli,it Serie A,24,1997,7.0,9.0,0.0,0.0,2.0,0.0,7.5,0.31,-1.5,-0.22,25,75,33.3,153.0,39,32.0,32.7,75.0,34.7,34.3,134.0,5.0,3.7,4.0,0.57,11.6
146,147,Jordan Pickford,ENG,GK,Everton,eng Premier League,28,1994,37.0,57.0,5.0,2.0,4.0,0.0,60.0,0.31,3.0,0.08,270,801,33.7,992.0,151,58.1,43.0,315.0,71.4,52.7,566.0,22.0,3.9,52.0,1.41,16.2
147,148,Nick Pope,ENG,GK,Newcastle Utd,eng Premier League,30,1992,36.2,32.0,2.0,0.0,8.0,1.0,31.3,0.24,0.3,0.01,120,368,32.6,683.0,232,33.1,33.0,207.0,68.6,50.7,411.0,34.0,8.3,74.0,2.04,18.2
148,149,Ivan Provedel,ITA,GK,Lazio,it Serie A,28,1994,37.9,30.0,1.0,0.0,5.0,1.0,31.4,0.25,2.4,0.06,158,373,42.4,1121.0,166,27.4,32.2,198.0,33.3,33.2,493.0,21.0,4.3,55.0,1.45,16.5
149,150,Ghjuvanni Quilichini,FRA,GK,Ajaccio,fr Ligue 1,19,2002,0.9,0.0,0.0,0.0,0.0,0.0,0.8,0.24,0.8,0.93,6,24,25.0,26.0,2,61.5,43.8,8.0,100.0,61.0,25.0,2.0,8.0,0.0,0.0,7.5
150,151,Ionuț Radu,ROU,GK,Cremonese,it Serie A,25,1997,9.0,19.0,3.0,0.0,3.0,0.0,21.0,0.29,2.0,0.22,38,143,26.6,265.0,34,41.1,37.3,67.0,50.7,46.3,107.0,6.0,5.6,9.0,1.0,14.5
151,152,Ionuț Radu,ROU,GK,Auxerre,fr Ligue 1,25,1997,17.0,20.0,0.0,0.0,0.0,1.0,21.9,0.27,2.9,0.17,117,349,33.5,469.0,65,52.9,41.3,128.0,78.9,53.1,273.0,14.0,5.1,13.0,0.76,12.7
152,153,Predrag Rajković,SRB,GK,Mallorca,es La Liga,26,1995,36.0,40.0,6.0,0.0,3.0,0.0,39.2,0.25,-0.8,-0.02,323,786,41.1,899.0,125,61.8,45.4,309.0,74.4,54.0,608.0,32.0,5.3,19.0,0.53,11.7
153,154,Diant Ramaj,GER,GK,Eint Frankfurt,de Bundesliga,20,2001,1.0,1.0,0.0,0.0,1.0,0.0,1.0,0.2,0.0,0.01,1,3,33.3,21.0,7,9.5,29.1,4.0,25.0,22.0,15.0,1.0,6.7,1.0,1.0,11.5
154,155,Aaron Ramsdale,ENG,GK,Arsenal,eng Premier League,24,1998,38.0,43.0,3.0,0.0,6.0,1.0,40.0,0.28,-2.0,-0.05,109,429,25.4,956.0,174,35.4,33.3,153.0,59.5,49.2,381.0,22.0,5.8,43.0,1.13,16.1
155,156,Nicola Ravaglia,ITA,GK,Sampdoria,it Serie A,33,1988,9.0,23.0,2.0,0.0,3.0,0.0,17.9,0.26,-5.1,-0.57,49,145,33.8,226.0,45,42.5,35.6,99.0,49.5,37.6,155.0,10.0,6.5,1.0,0.11,10.5
156,157,David Raya,ESP,GK,Brentford,eng Premier League,26,1995,38.0,46.0,2.0,1.0,9.0,3.0,48.1,0.24,5.1,0.13,347,882,39.3,1367.0,160,50.7,39.5,269.0,70.3,51.8,598.0,53.0,8.9,54.0,1.42,15.7
157,158,Pepe Reina,ESP,GK,Villarreal,es La Liga,39,1982,22.0,27.0,4.0,0.0,3.0,1.0,28.9,0.29,2.9,0.13,64,207,30.9,736.0,112,22.1,28.8,118.0,37.3,35.7,315.0,15.0,4.8,20.0,0.91,14.6
158,159,Álex Remiro,ESP,GK,Real Sociedad,es La Liga,27,1995,38.0,35.0,1.0,1.0,3.0,2.0,32.8,0.24,-0.2,0.0,244,572,42.7,1090.0,138,39.8,35.9,216.0,63.9,51.3,453.0,18.0,4.0,47.0,1.24,15.9
159,160,Manuel Riemann,GER,GK,Bochum,de Bundesliga,33,1988,34.0,72.0,8.0,2.0,9.0,3.0,69.0,0.3,0.0,0.0,554,1175,47.1,1489.0,83,66.8,44.7,261.0,69.0,50.6,536.0,31.0,5.8,121.0,3.56,22.2
160,161,Rémy Riou,FRA,GK,Lyon,fr Ligue 1,34,1987,6.7,8.0,4.0,0.0,0.0,1.0,8.8,0.2,1.8,0.27,12,49,24.5,178.0,30,22.5,28.7,47.0,19.1,26.0,78.0,6.0,7.7,10.0,1.5,17.2
161,162,Joel Robles,ESP,GK,Leeds United,eng Premier League,32,1990,4.0,11.0,2.0,0.0,0.0,0.0,10.5,0.32,-0.5,-0.12,18,71,25.4,90.0,20,52.2,41.1,32.0,75.0,49.4,43.0,2.0,4.7,3.0,0.75,11.6
162,163,Marek Rodák,SVK,GK,Fulham,eng Premier League,25,1996,2.0,2.0,0.0,0.0,0.0,0.0,2.0,0.51,0.0,0.01,16,47,34.0,46.0,3,73.9,46.0,15.0,86.7,60.0,26.0,1.0,3.8,2.0,1.0,14.0
163,164,Leo Román,ESP,GK,Mallorca,es La Liga,22,2000,1.0,0.0,0.0,0.0,0.0,0.0,0.1,0.03,0.1,0.11,9,21,42.9,30.0,3,40.0,35.2,12.0,75.0,48.8,30.0,1.0,3.3,2.0,2.0,17.4
164,165,Francesco Rossi,ITA,GK,Atalanta,it Serie A,31,1991,0.0,0.0,0.0,0.0,0.0,0.0,0.0,,0.0,0.0,0,1,0.0,3.0,0,0.0,17.3,1.0,100.0,65.0,1.0,0.0,0.0,0.0,0.0,
165,166,Gerónimo Rulli,ARG,GK,Villarreal,es La Liga,30,1992,14.0,10.0,0.0,0.0,1.0,0.0,12.5,0.23,2.5,0.18,50,119,42.0,451.0,70,19.3,28.8,92.0,34.8,37.9,215.0,20.0,9.3,21.0,1.5,15.5
166,167,Alessandro Russo,ITA,GK,Sassuolo,it Serie A,21,2001,1.0,3.0,0.0,0.0,0.0,0.0,2.8,0.4,-0.2,-0.22,0,12,0.0,42.0,2,28.6,30.7,8.0,0.0,18.3,14.0,0.0,0.0,0.0,0.0,10.0
167,168,Frederik Rønnow,DEN,GK,Union Berlin,de Bundesliga,29,1992,29.0,27.0,5.0,0.0,5.0,0.0,35.2,0.26,8.2,0.28,240,605,39.7,1115.0,109,44.6,36.5,163.0,66.3,49.4,434.0,43.0,9.9,29.0,1.0,13.5
168,169,José Sá,POR,GK,Wolves,eng Premier League,29,1993,36.0,55.0,2.0,0.0,6.0,1.0,48.4,0.28,-5.6,-0.16,120,435,27.6,935.0,182,29.3,30.9,260.0,61.9,46.2,540.0,43.0,8.0,28.0,0.78,12.6
169,170,Brice Samba,FRA,GK,Lens,fr Ligue 1,28,1994,37.0,28.0,3.0,0.0,6.0,1.0,32.4,0.24,5.4,0.15,174,435,40.0,1075.0,140,35.5,33.3,160.0,33.1,32.7,384.0,34.0,8.9,41.0,1.11,15.4
170,171,Robert Sánchez,ESP,GK,Brighton,eng Premier League,24,1997,23.0,30.0,5.0,0.0,4.0,3.0,24.2,0.25,-2.8,-0.12,60,205,29.3,645.0,103,24.2,28.9,131.0,37.4,35.1,229.0,17.0,7.4,13.0,0.57,12.3
171,172,Mouhamadou Sarr,SEN,GK,Cremonese,it Serie A,25,1997,2.0,3.0,0.0,0.0,1.0,0.0,2.9,0.36,-0.1,-0.05,19,38,50.0,71.0,12,40.8,35.7,12.0,75.0,53.6,18.0,0.0,0.0,1.0,0.5,8.6
172,173,Kasper Schmeichel,DEN,GK,Nice,fr Ligue 1,35,1986,36.0,35.0,3.0,2.0,5.0,0.0,35.9,0.23,0.9,0.02,170,388,43.8,909.0,119,30.7,32.7,278.0,39.2,35.7,455.0,24.0,5.3,23.0,0.64,12.9
173,174,Marvin Schwäbe,GER,GK,Köln,de Bundesliga,27,1995,34.0,54.0,4.0,4.0,4.0,3.0,42.3,0.3,-8.7,-0.26,154,404,38.1,1203.0,117,28.8,31.3,185.0,31.4,33.9,468.0,19.0,4.1,22.0,0.65,13.4
174,175,Alexander Schwolow,GER,GK,Schalke 04,de Bundesliga,30,1992,22.6,58.0,4.0,1.0,6.0,0.0,45.8,0.31,-12.2,-0.54,180,441,40.8,676.0,79,46.4,38.4,174.0,73.0,55.2,321.0,7.0,2.2,23.0,1.02,15.0
175,176,Matz Sels,BEL,GK,Strasbourg,fr Ligue 1,30,1992,38.0,59.0,10.0,1.0,6.0,0.0,56.5,0.27,-2.5,-0.06,159,455,34.9,775.0,130,44.8,36.9,196.0,55.1,43.9,504.0,31.0,6.2,32.0,0.84,12.8
176,177,Luigi Sepe,ITA,GK,Salernitana,it Serie A,31,1991,17.0,27.0,4.0,0.0,0.0,0.0,30.3,0.27,3.3,0.2,76,274,27.7,490.0,84,40.6,35.9,154.0,48.7,41.1,222.0,16.0,7.2,13.0,0.76,14.2
177,178,Rui Silva,POR,GK,Betis,es La Liga,28,1994,26.0,32.0,2.0,1.0,6.0,1.0,32.9,0.3,1.9,0.07,154,410,37.6,668.0,107,40.7,35.6,214.0,64.5,47.5,369.0,18.0,4.9,37.0,1.42,16.6
178,179,Marco Silvestri,ITA,GK,Udinese,it Serie A,31,1991,38.0,48.0,6.0,2.0,3.0,2.0,48.7,0.31,2.7,0.07,144,380,37.9,872.0,142,31.9,32.0,302.0,33.8,34.1,547.0,13.0,2.4,21.0,0.55,12.2
179,180,Unai Simón,ESP,GK,Athletic Club,es La Liga,25,1997,30.5,37.0,3.0,1.0,1.0,3.0,31.7,0.28,-2.3,-0.08,134,351,38.2,762.0,154,30.6,33.2,186.0,63.4,49.4,355.0,18.0,5.1,40.0,1.31,17.5
180,181,Tobias Sippel,GER,GK,Gladbach,de Bundesliga,34,1988,5.7,12.0,1.0,0.0,3.0,0.0,11.6,0.33,-0.4,-0.08,25,106,23.6,212.0,23,33.5,32.7,48.0,72.9,53.1,88.0,2.0,2.3,4.0,0.71,13.1
181,182,Salvatore Sirigu,ITA,GK,Fiorentina,it Serie A,35,1987,1.0,0.0,0.0,0.0,0.0,0.0,1.0,0.19,1.0,0.96,6,16,37.5,30.0,9,40.0,37.7,8.0,50.0,41.8,12.0,0.0,0.0,2.0,2.0,26.3
182,183,Łukasz Skorupski,POL,GK,Bologna,it Serie A,31,1991,37.0,49.0,7.0,1.0,6.0,3.0,47.8,0.25,1.8,0.05,146,371,39.4,933.0,206,29.8,31.7,278.0,33.5,33.0,492.0,29.0,5.9,24.0,0.65,12.9
183,184,François-Joseph Sollacaro,FRA,GK,Ajaccio,fr Ligue 1,28,1994,6.0,14.0,1.0,0.0,1.0,1.0,9.1,0.34,-3.9,-0.65,19,87,21.8,102.0,11,56.9,40.7,40.0,72.5,48.2,93.0,6.0,6.5,6.0,1.0,11.5
184,185,Yann Sommer,SUI,GK,Gladbach,de Bundesliga,33,1988,10.0,14.0,2.0,1.0,0.0,1.0,16.7,0.25,3.7,0.37,48,141,34.0,517.0,52,23.0,28.2,90.0,24.4,28.6,162.0,5.0,3.1,13.0,1.3,14.6
185,186,Yann Sommer,SUI,GK,Bayern Munich,de Bundesliga,33,1988,19.0,25.0,7.0,1.0,1.0,0.0,23.7,0.32,-1.3,-0.07,48,118,40.7,651.0,83,14.6,25.1,98.0,23.5,28.7,212.0,12.0,5.7,27.0,1.42,16.7
186,187,David Soria,ESP,GK,Getafe,es La Liga,29,1993,38.0,45.0,4.0,0.0,7.0,2.0,45.5,0.23,2.5,0.07,409,904,45.2,782.0,99,75.1,49.8,347.0,91.4,59.8,586.0,36.0,6.1,46.0,1.21,15.0
187,188,Marco Sportiello,ITA,GK,Atalanta,it Serie A,30,1992,14.9,21.0,1.0,1.0,2.0,0.0,19.6,0.29,-1.4,-0.1,52,148,35.1,346.0,85,20.5,28.8,116.0,66.4,49.7,200.0,18.0,9.0,18.0,1.21,15.0
188,189,Jason Steele,ENG,GK,Brighton,eng Premier League,31,1990,15.0,23.0,1.0,0.0,2.0,3.0,18.5,0.29,-1.5,-0.1,34,74,45.9,483.0,48,14.9,24.2,55.0,3.6,13.9,126.0,10.0,7.9,19.0,1.27,15.7
189,190,Mile Svilar,SRB,GK,Roma,it Serie A,22,1999,3.0,3.0,0.0,0.0,0.0,0.0,2.9,0.29,-0.1,-0.03,16,44,36.4,61.0,13,50.8,41.4,16.0,81.3,60.1,42.0,6.0,14.3,4.0,1.33,12.1
190,191,Wojciech Szczęsny,POL,GK,Juventus,it Serie A,32,1990,27.5,26.0,3.0,0.0,5.0,0.0,26.0,0.25,0.0,0.0,128,270,47.4,634.0,128,32.2,33.5,153.0,43.1,38.3,389.0,11.0,2.8,21.0,0.76,14.7
191,192,Ciprian Tătărușanu,ROU,GK,Milan,it Serie A,36,1986,16.0,22.0,2.0,2.0,4.0,1.0,16.8,0.25,-4.2,-0.26,94,195,48.2,473.0,75,32.1,32.9,83.0,51.8,41.8,195.0,9.0,4.6,13.0,0.81,14.4
192,193,Marc-André ter Stegen,GER,GK,Barcelona,es La Liga,30,1992,37.2,18.0,3.0,0.0,2.0,3.0,23.7,0.21,8.7,0.23,168,335,50.1,1215.0,185,22.1,28.9,197.0,34.0,35.2,368.0,18.0,4.9,41.0,1.1,16.4
193,194,Pietro Terracciano,ITA,GK,Fiorentina,it Serie A,32,1990,29.0,38.0,6.0,0.0,3.0,2.0,33.1,0.28,-2.9,-0.1,155,375,41.3,871.0,113,32.7,33.2,198.0,45.5,40.5,271.0,12.0,4.4,55.0,1.9,18.4
194,195,Kevin Trapp,GER,GK,Eint Frankfurt,de Bundesliga,32,1990,33.0,51.0,2.0,1.0,7.0,1.0,42.3,0.32,-7.7,-0.23,80,326,24.5,664.0,128,39.2,34.8,219.0,30.1,34.1,401.0,17.0,4.2,24.0,0.73,14.4
195,196,Mark Travers,IRL,GK,Bournemouth,eng Premier League,23,1999,11.5,32.0,2.0,0.0,8.0,2.0,24.0,0.34,-6.0,-0.52,71,154,46.1,250.0,54,35.6,31.9,118.0,55.1,43.8,229.0,5.0,2.2,5.0,0.43,10.5
196,197,Martin Turk,SVN,GK,Sampdoria,it Serie A,18,2003,4.0,9.0,1.0,0.0,3.0,0.0,8.0,0.26,-1.0,-0.25,35,78,44.9,99.0,15,41.4,35.1,43.0,86.0,56.3,60.0,0.0,0.0,2.0,0.5,12.3
197,198,Samir Ujkani,KVX,GK,Empoli,it Serie A,34,1988,0.1,1.0,0.0,0.0,0.0,0.0,0.2,0.25,-0.8,-9.69,0,0,,2.0,1,0.0,18.5,1.0,0.0,27.0,1.0,0.0,0.0,0.0,0.0,
198,199,Sven Ulreich,GER,GK,Bayern Munich,de Bundesliga,33,1988,3.0,2.0,0.0,0.0,1.0,0.0,2.4,0.18,0.4,0.13,9,26,34.6,112.0,21,20.5,26.0,18.0,16.7,23.4,34.0,2.0,5.9,4.0,1.33,17.5
199,200,Guglielmo Vicario,ITA,GK,Empoli,it Serie A,25,1996,30.9,39.0,4.0,0.0,8.0,1.0,40.9,0.27,2.9,0.09,138,455,30.3,1106.0,151,33.5,33.8,170.0,50.0,42.9,606.0,34.0,5.6,22.0,0.71,11.5
200,201,Iván Villar,ESP,GK,Celta Vigo,es La Liga,25,1997,19.0,24.0,3.0,0.0,6.0,0.0,22.2,0.31,-1.8,-0.09,81,239,33.9,435.0,96,34.7,33.8,157.0,56.1,44.8,256.0,8.0,3.1,14.0,0.74,14.2
201,202,Danny Ward,WAL,GK,Leicester City,eng Premier League,29,1993,26.0,46.0,2.0,2.0,6.0,4.0,36.5,0.29,-5.5,-0.21,94,303,31.0,750.0,154,29.7,30.4,190.0,42.1,35.1,355.0,20.0,5.6,42.0,1.62,15.9
202,203,Axel Werner,ARG,GK,Elche,es La Liga,26,1996,2.0,4.0,0.0,0.0,2.0,0.0,2.4,0.31,-1.6,-0.82,4,20,20.0,53.0,9,32.1,34.9,16.0,18.8,33.8,26.0,1.0,3.8,1.0,0.5,14.0
203,204,Joseph Whitworth,ENG,GK,Crystal Palace,eng Premier League,18,2004,2.0,5.0,0.0,0.0,0.0,0.0,2.3,0.23,-2.7,-1.33,8,27,29.6,68.0,8,29.4,30.1,15.0,46.7,36.7,25.0,1.0,4.0,3.0,1.5,15.4
204,205,Robin Zentner,GER,GK,Mainz 05,de Bundesliga,27,1994,26.0,39.0,3.0,1.0,2.0,0.0,35.4,0.3,-3.6,-0.14,160,474,33.8,672.0,146,50.0,40.0,194.0,71.1,54.1,321.0,43.0,13.4,53.0,2.04,17.4
205,206,Michael Zetterer,GER,GK,Werder Bremen,de Bundesliga,27,1995,1.7,3.0,0.0,0.0,1.0,0.0,3.2,0.24,0.2,0.11,16,33,48.5,49.0,13,51.0,41.6,12.0,66.7,50.3,15.0,3.0,20.0,4.0,2.37,16.5
206,207,Jeroen Zoet,NED,GK,Spezia,it Serie A,31,1991,3.7,4.0,1.0,0.0,1.0,0.0,2.8,0.14,-1.2,-0.31,25,78,32.1,110.0,13,54.5,39.0,23.0,78.3,58.4,62.0,4.0,6.5,6.0,1.61,14.7
207,208,Petar Zovko,BIH,GK,Spezia,it Serie A,20,2002,0.8,2.0,0.0,0.0,0.0,0.0,1.7,0.55,-0.3,-0.42,7,21,33.3,23.0,3,47.8,35.1,13.0,76.9,51.1,24.0,1.0,4.2,2.0,2.47,17.0
