Unnamed: 0_level_0,Unnamed: 1_level_0,Unnamed: 2_level_0,Total,Total.1,Total.2,Total.3,Total.4,Short,Short.1,Short.2,Medium,Medium.1,Medium.2,Long,Long.1,Long.2,Unnamed: 17_level_0,Unnamed: 18_level_0,Expected,Expected.1,Unnamed: 21_level_0,Unnamed: 22_level_0,Unnamed: 23_level_0,Unnamed: 24_level_0,Unnamed: 25_level_0,Season,"('Unnamed: 0_level_0', 'Squad')","('Unnamed: 1_level_0', '# Pl')","('Unnamed: 2_level_0', '90s')","('Total', 'Cmp')","('Total', 'Att')","('Total', 'Cmp%')","('Total', 'TotDist')","('Total', 'PrgDist')","('Short', 'Cmp')","('Short', 'Att')","('Short', 'Cmp%')","('Medium', 'Cmp')","('Medium', 'Att')","('Medium', 'Cmp%')","('Long', 'Cmp')","('Long', 'Att')","('Long', 'Cmp%')","('Unnamed: 17_level_0', 'Ast')","('Unnamed: 18_level_0', 'xAG')","('Expected', 'xA')","('Expected', 'A-xAG')","('Unnamed: 21_level_0', 'KP')","('Unnamed: 22_level_0', '1/3')","('Unnamed: 23_level_0', 'PPA')","('Unnamed: 24_level_0', 'CrsPA')","('Unnamed: 25_level_0', 'PrgP')","('Season', '')"
Squad,# Pl,90s,Cmp,Att,Cmp%,TotDist,PrgDist,Cmp,Att,Cmp%,Cmp,Att,Cmp%,Cmp,Att,Cmp%,Ast,xAG,xA,A-xAG,KP,1/3,PPA,CrsPA,PrgP,,,,,,,,,,,,,,,,,,,,,,,,,,,,
Arsenal,25,38.0,19094,22558,84.6,309533,102210,9719,10643,91.3,7809,8765,89.1,1178,2162,54.5,62,55.3,57.8,6.7,513,1546,548,68,2106,2023-2024,,,,,,,,,,,,,,,,,,,,,,,,,,,
Aston Villa,31,38.0,16133,19363,83.3,281128,95293,7110,7878,90.3,7381,8273,89.2,1330,2368,56.2,55,48.6,42.5,6.4,398,1160,363,67,1451,2023-2024,,,,,,,,,,,,,,,,,,,,,,,,,,,
Bournemouth,30,38.0,11899,15920,74.7,220978,83235,4976,5868,84.8,5270,6214,84.8,1393,2964,47.0,39,40.5,33.7,-1.5,414,1074,352,88,1314,2023-2024,,,,,,,,,,,,,,,,,,,,,,,,,,,
Brentford,28,38.0,12551,16818,74.6,225971,88492,5616,6628,84.7,5236,6432,81.4,1382,2776,49.8,38,42.7,40.0,-4.7,332,965,333,106,1283,2023-2024,,,,,,,,,,,,,,,,,,,,,,,,,,,
Brighton,30,38.0,21810,25029,87.1,341060,113686,11574,12473,92.8,8261,9125,90.5,1296,2164,59.9,36,41.6,43.7,-5.6,429,1484,384,81,1780,2023-2024,,,,,,,,,,,,,,,,,,,,,,,,,,,
Burnley,31,38.0,13937,17959,77.6,246047,83556,6311,7267,86.8,6017,7042,85.4,1324,2755,48.1,30,29.7,26.6,0.3,326,976,216,54,1181,2023-2024,,,,,,,,,,,,,,,,,,,,,,,,,,,
Chelsea,32,38.0,20039,23364,85.8,328448,109853,10006,10877,92.0,8176,9060,90.2,1365,2328,58.6,51,51.4,43.1,-0.4,419,1351,352,51,1615,2023-2024,,,,,,,,,,,,,,,,,,,,,,,,,,,
Crystal Palace,26,38.0,12915,16754,77.1,225542,84922,6040,6920,87.3,5338,6287,84.9,1204,2608,46.2,43,38.7,31.5,4.3,353,995,273,60,1176,2023-2024,,,,,,,,,,,,,,,,,,,,,,,,,,,
Everton,26,38.0,11349,15514,73.2,208537,88374,5198,6091,85.3,4386,5405,81.1,1469,3057,48.1,17,38.1,31.8,-21.1,339,958,284,77,1129,2023-2024,,,,,,,,,,,,,,,,,,,,,,,,,,,
Fulham,25,38.0,16311,20237,80.6,290238,100538,7028,7907,88.9,7277,8347,87.2,1586,2853,55.6,40,37.6,33.6,2.4,379,1117,355,94,1467,2023-2024,,,,,,,,,,,,,,,,,,,,,,,,,,,
Liverpool,30,38.0,20376,24379,83.6,346550,118702,9656,10641,90.7,8627,9763,88.4,1637,2814,58.2,60,63.7,55.6,-3.7,598,1666,506,80,2110,2023-2024,,,,,,,,,,,,,,,,,,,,,,,,,,,
Luton Town,28,38.0,11048,15099,73.2,201475,81352,4969,5784,85.9,4443,5431,81.8,1289,2879,44.8,33,29.5,27.5,3.5,315,835,250,90,1113,2023-2024,,,,,,,,,,,,,,,,,,,,,,,,,,,
Manchester City,25,38.0,24616,27758,88.7,394064,112270,12895,13721,94.0,9449,10306,91.7,1652,2498,66.1,69,60.2,62.1,8.8,545,1890,484,65,2060,2023-2024,,,,,,,,,,,,,,,,,,,,,,,,,,,
Manchester Utd,31,38.0,15785,19538,80.8,260507,91226,7892,8866,89.0,5965,6943,85.9,1355,2517,53.8,36,40.1,34.6,-4.1,434,1202,338,50,1479,2023-2024,,,,,,,,,,,,,,,,,,,,,,,,,,,
Newcastle Utd,32,38.0,16117,19852,81.2,274265,96401,7681,8623,89.1,6722,7757,86.7,1358,2504,54.2,55,51.3,43.5,3.7,424,1107,380,76,1557,2023-2024,,,,,,,,,,,,,,,,,,,,,,,,,,,
Nott'ham Forest,33,38.0,11877,15679,75.8,210025,83097,5510,6417,85.9,4760,5855,81.3,1265,2493,50.7,43,37.9,27.8,5.1,325,905,244,61,1141,2023-2024,,,,,,,,,,,,,,,,,,,,,,,,,,,
Sheffield Utd,35,38.0,9531,13509,70.6,169894,71337,4492,5357,83.9,3739,4696,79.6,1042,2626,39.7,18,25.8,21.0,-7.8,257,701,198,48,884,2023-2024,,,,,,,,,,,,,,,,,,,,,,,,,,,
Tottenham,29,38.0,20649,24197,85.3,326221,111380,10630,11617,91.5,8361,9345,89.5,1089,1905,57.2,58,57.4,52.1,0.6,460,1588,454,65,2107,2023-2024,,,,,,,,,,,,,,,,,,,,,,,,,,,
West Ham,26,38.0,12568,16373,76.8,219336,85575,6043,6856,88.1,4817,5751,83.8,1330,2718,48.9,40,34.8,30.8,5.2,305,979,225,71,1207,2023-2024,,,,,,,,,,,,,,,,,,,,,,,,,,,
Wolves,27,38.0,15484,19175,80.8,255933,84649,7694,8577,89.7,6100,7016,86.9,1218,2527,48.2,36,31.8,27.6,4.2,316,910,239,61,1180,2023-2024,,,,,,,,,,,,,,,,,,,,,,,,,,,
,,,,,,,,,,,,,,,,,,,,,,,,,,,Arsenal,26.0,38.0,18281.0,21969.0,83.2,310206.0,100635.0,8542.0,9478.0,90.1,7825.0,8821.0,88.7,1454.0,2548.0,57.1,64.0,53.5,46.8,10.5,443.0,1637.0,459.0,62.0,2049.0,2022-2023
,,,,,,,,,,,,,,,,,,,,,,,,,,,Aston Villa,26.0,38.0,13782.0,17396.0,79.2,244073.0,87581.0,6111.0,6947.0,88.0,5979.0,6934.0,86.2,1345.0,2579.0,52.2,35.0,38.8,31.6,-3.8,318.0,964.0,268.0,80.0,1242.0,2022-2023
,,,,,,,,,,,,,,,,,,,,,,,,,,,Bournemouth,31.0,38.0,11715.0,15381.0,76.2,206704.0,82672.0,5412.0,6278.0,86.2,4751.0,5644.0,84.2,1192.0,2491.0,47.9,24.0,28.4,26.3,-4.4,261.0,850.0,237.0,75.0,1006.0,2022-2023
,,,,,,,,,,,,,,,,,,,,,,,,,,,Brentford,25.0,38.0,11317.0,15551.0,72.8,209962.0,87002.0,5142.0,6116.0,84.1,4475.0,5602.0,79.9,1438.0,2947.0,48.8,36.0,38.4,30.5,-2.4,284.0,922.0,279.0,87.0,1131.0,2022-2023
,,,,,,,,,,,,,,,,,,,,,,,,,,,Brighton,29.0,38.0,19210.0,22888.0,83.9,319736.0,106474.0,9346.0,10305.0,90.7,7892.0,8919.0,88.5,1463.0,2462.0,59.4,46.0,52.2,44.7,-6.2,480.0,1459.0,391.0,78.0,1849.0,2022-2023
,,,,,,,,,,,,,,,,,,,,,,,,,,,Chelsea,32.0,38.0,19147.0,22836.0,83.8,316440.0,104718.0,9510.0,10494.0,90.6,7700.0,8709.0,88.4,1461.0,2499.0,58.5,27.0,38.6,35.3,-11.6,376.0,1426.0,370.0,68.0,1737.0,2022-2023
,,,,,,,,,,,,,,,,,,,,,,,,,,,Crystal Palace,26.0,38.0,13395.0,17308.0,77.4,238779.0,88389.0,6005.0,6901.0,87.0,5794.0,6772.0,85.6,1309.0,2751.0,47.6,29.0,29.0,23.8,0.0,316.0,1013.0,239.0,51.0,1243.0,2022-2023
,,,,,,,,,,,,,,,,,,,,,,,,,,,Everton,28.0,38.0,11790.0,15783.0,74.7,214056.0,82478.0,5336.0,6174.0,86.4,4771.0,5750.0,83.0,1366.0,2947.0,46.4,24.0,32.4,26.9,-8.4,308.0,964.0,224.0,67.0,1052.0,2022-2023
,,,,,,,,,,,,,,,,,,,,,,,,,,,Fulham,29.0,38.0,13974.0,18014.0,77.6,255629.0,89303.0,5867.0,6818.0,86.1,6222.0,7333.0,84.8,1551.0,2860.0,54.2,33.0,28.5,23.7,4.5,306.0,1044.0,284.0,97.0,1326.0,2022-2023
,,,,,,,,,,,,,,,,,,,,,,,,,,,Leeds United,29.0,38.0,12437.0,16924.0,73.5,206567.0,84295.0,6115.0,7225.0,84.6,4782.0,5973.0,80.1,1072.0,2528.0,42.4,31.0,31.8,27.3,-0.8,337.0,1086.0,270.0,70.0,1429.0,2022-2023
,,,,,,,,,,,,,,,,,,,,,,,,,,,Leicester City,28.0,38.0,14887.0,18871.0,78.9,249219.0,89055.0,7245.0,8221.0,88.1,6087.0,7165.0,85.0,1165.0,2422.0,48.1,36.0,38.4,26.3,-2.4,319.0,1142.0,220.0,52.0,1304.0,2022-2023
,,,,,,,,,,,,,,,,,,,,,,,,,,,Liverpool,28.0,38.0,20043.0,24361.0,82.3,352929.0,120466.0,9023.0,10114.0,89.2,8561.0,9758.0,87.7,1962.0,3283.0,59.8,58.0,55.6,52.3,2.4,458.0,1615.0,452.0,85.0,1992.0,2022-2023
,,,,,,,,,,,,,,,,,,,,,,,,,,,Manchester City,24.0,38.0,23263.0,26642.0,87.3,396454.0,114920.0,11020.0,11888.0,92.7,9848.0,10836.0,90.9,1932.0,2849.0,67.8,69.0,57.5,57.6,11.5,464.0,1770.0,445.0,75.0,2073.0,2022-2023
,,,,,,,,,,,,,,,,,,,,,,,,,,,Manchester Utd,26.0,38.0,16603.0,20525.0,80.9,276625.0,97026.0,8273.0,9294.0,89.0,6359.0,7306.0,87.0,1438.0,2651.0,54.2,42.0,52.2,44.6,-10.2,478.0,1268.0,398.0,57.0,1595.0,2022-2023
,,,,,,,,,,,,,,,,,,,,,,,,,,,Newcastle Utd,27.0,38.0,13925.0,17837.0,78.1,246297.0,90893.0,6433.0,7370.0,87.3,5580.0,6605.0,84.5,1523.0,2774.0,54.9,42.0,51.8,45.0,-9.8,435.0,1083.0,403.0,64.0,1618.0,2022-2023
,,,,,,,,,,,,,,,,,,,,,,,,,,,Nott'ham Forest,33.0,38.0,9543.0,13606.0,70.1,177315.0,72656.0,4046.0,4952.0,81.7,4071.0,5126.0,79.4,1187.0,2708.0,43.8,22.0,26.3,20.5,-4.3,246.0,660.0,172.0,50.0,859.0,2022-2023
,,,,,,,,,,,,,,,,,,,,,,,,,,,Southampton,36.0,38.0,12319.0,16391.0,75.2,211636.0,79814.0,5972.0,6925.0,86.2,4830.0,5823.0,82.9,1170.0,2625.0,44.6,25.0,28.1,26.0,-3.1,302.0,938.0,239.0,71.0,1125.0,2022-2023
,,,,,,,,,,,,,,,,,,,,,,,,,,,Tottenham,29.0,38.0,15972.0,19672.0,81.2,277567.0,92695.0,7333.0,8180.0,89.6,6707.0,7682.0,87.3,1499.0,2669.0,56.2,46.0,43.0,34.0,3.0,386.0,1071.0,323.0,104.0,1449.0,2022-2023
,,,,,,,,,,,,,,,,,,,,,,,,,,,West Ham,25.0,38.0,12369.0,16357.0,75.6,219013.0,84296.0,5883.0,6778.0,86.8,4784.0,5831.0,82.0,1383.0,2753.0,50.2,25.0,32.7,26.8,-7.7,340.0,990.0,212.0,80.0,1274.0,2022-2023
,,,,,,,,,,,,,,,,,,,,,,,,,,,Wolves,32.0,38.0,14554.0,18294.0,79.6,264071.0,87310.0,6350.0,7195.0,88.3,6306.0,7257.0,86.9,1574.0,2890.0,54.5,12.0,25.4,21.0,-13.4,294.0,1110.0,252.0,71.0,1343.0,2022-2023
