Unnamed: 0_level_0,Unnamed: 1_level_0,Unnamed: 2_level_0,Unnamed: 3_level_0,Touches,Touches.1,Touches.2,Touches.3,Touches.4,Touches.5,Touches.6,Take-Ons,Take-Ons.1,Take-Ons.2,Take-Ons.3,Take-Ons.4,Carries,Carries.1,Carries.2,Carries.3,Carries.4,Carries.5,Carries.6,Carries.7,Receiving,Receiving.1,Season,"('Unnamed: 0_level_0', 'Squad')","('Unnamed: 1_level_0', '# Pl')","('Unnamed: 2_level_0', 'Poss')","('Unnamed: 3_level_0', '90s')","('Touches', 'Touches')","('Touches', 'Def Pen')","('Touches', 'Def 3rd')","('Touches', 'Mid 3rd')","('Touches', 'Att 3rd')","('Touches', 'Att Pen')","('Touches', 'Live')","('Take-Ons', 'Att')","('Take-Ons', 'Succ')","('Take-Ons', 'Succ%')","('Take-Ons', 'Tkld')","('Take-Ons', 'Tkld%')","('Carries', 'Carries')","('Carries', 'TotDist')","('Carries', 'PrgDist')","('Carries', 'PrgC')","('Carries', '1/3')","('Carries', 'CPA')","('Carries', 'Mis')","('Carries', 'Dis')","('Receiving', 'Rec')","('Receiving', 'PrgR')","('Season', '')"
Squad,# Pl,Poss,90s,Touches,Def Pen,Def 3rd,Mid 3rd,Att 3rd,Att Pen,Live,Att,Succ,Succ%,Tkld,Tkld%,Carries,TotDist,PrgDist,PrgC,1/3,CPA,Mis,Dis,Rec,PrgR,,,,,,,,,,,,,,,,,,,,,,,,,,,,
Arsenal,25,58.2,38.0,26493,1974,6714,11407,8560,1480,26483,671,283,42.2,304,45.3,16297,81171,41510,821,575,327,525,375,18917,2088,2023-2024,,,,,,,,,,,,,,,,,,,,,,,,,,,
Aston Villa,31,53.1,38.0,23059,2807,8171,9636,5459,1010,23055,757,345,45.6,315,41.6,14451,78629,41239,775,490,217,477,416,15824,1438,2023-2024,,,,,,,,,,,,,,,,,,,,,,,,,,,
Bournemouth,30,44.4,38.0,20700,2486,6820,8469,5686,1033,20697,872,382,43.8,414,47.5,11015,66369,34635,709,513,240,637,386,11771,1296,2023-2024,,,,,,,,,,,,,,,,,,,,,,,,,,,
Brentford,28,45.2,38.0,21227,2878,7944,8253,5210,982,21224,577,243,42.1,269,46.6,10970,56621,29411,505,363,156,556,271,12416,1276,2023-2024,,,,,,,,,,,,,,,,,,,,,,,,,,,
Brighton,30,59.8,38.0,29112,3197,9449,13090,6766,1081,29106,715,297,41.5,322,45.0,19020,92960,48884,864,584,269,579,342,21577,1767,2023-2024,,,,,,,,,,,,,,,,,,,,,,,,,,,
Burnley,31,47.4,38.0,22181,2907,8021,9196,5155,819,22178,699,300,42.9,329,47.1,12244,66914,35421,727,460,240,517,296,13779,1162,2023-2024,,,,,,,,,,,,,,,,,,,,,,,,,,,
Chelsea,32,58.6,38.0,27725,3035,9367,12068,6558,1039,27713,869,398,45.8,365,42.0,16624,84615,44082,873,543,291,604,370,19899,1600,2023-2024,,,,,,,,,,,,,,,,,,,,,,,,,,,
Crystal Palace,26,42.3,38.0,21367,2349,7237,9279,5077,797,21363,737,341,46.3,320,43.4,10943,55546,26838,506,383,170,606,426,12811,1161,2023-2024,,,,,,,,,,,,,,,,,,,,,,,,,,,
Everton,26,40.8,38.0,20053,2568,6792,8180,5283,809,20050,564,250,44.3,267,47.3,9770,52160,25904,495,389,127,560,320,11254,1119,2023-2024,,,,,,,,,,,,,,,,,,,,,,,,,,,
Fulham,25,50.6,38.0,24318,2792,8619,10359,5568,849,24316,550,271,49.3,232,42.2,13883,72675,36777,670,508,151,520,325,16183,1452,2023-2024,,,,,,,,,,,,,,,,,,,,,,,,,,,
Liverpool,30,61.3,38.0,28764,2193,7390,13756,7869,1422,28755,737,331,44.9,331,44.9,17894,92424,48244,924,694,295,574,407,20230,2091,2023-2024,,,,,,,,,,,,,,,,,,,,,,,,,,,
Luton Town,28,42.4,38.0,19655,2630,7028,7905,4964,780,19650,771,354,45.9,331,42.9,10069,59965,29815,675,480,169,580,385,10911,1094,2023-2024,,,,,,,,,,,,,,,,,,,,,,,,,,,
Manchester City,25,65.2,38.0,31414,2162,7012,14348,10260,1466,31404,731,377,51.6,282,38.6,20210,105397,58071,1127,867,415,441,356,24343,2032,2023-2024,,,,,,,,,,,,,,,,,,,,,,,,,,,
Manchester Utd,31,50.6,38.0,23998,2938,8197,9856,6146,1025,23991,697,311,44.6,303,43.5,13979,75358,39599,758,523,274,484,342,15597,1468,2023-2024,,,,,,,,,,,,,,,,,,,,,,,,,,,
Newcastle Utd,32,52.2,38.0,24004,2447,8084,10144,6004,1094,23996,730,355,48.6,288,39.5,13650,73461,36585,737,507,243,506,400,15994,1545,2023-2024,,,,,,,,,,,,,,,,,,,,,,,,,,,
Nott'ham Forest,33,40.6,38.0,20126,2493,7339,8320,4686,785,20125,604,275,45.5,268,44.4,10217,54749,29182,601,394,155,527,286,11784,1123,2023-2024,,,,,,,,,,,,,,,,,,,,,,,,,,,
Sheffield Utd,35,35.8,38.0,17951,2817,7156,7145,3830,646,17946,581,251,43.2,286,49.2,8332,43412,20412,346,287,128,489,322,9458,875,2023-2024,,,,,,,,,,,,,,,,,,,,,,,,,,,
Tottenham,29,61.6,38.0,28529,2791,8520,12260,8010,1316,28527,812,359,44.2,363,44.7,18087,92824,46598,957,634,349,559,375,20484,2097,2023-2024,,,,,,,,,,,,,,,,,,,,,,,,,,,
West Ham,26,41.1,38.0,20875,2605,7301,9100,4692,750,20869,745,353,47.4,321,43.1,11184,60658,28802,556,369,168,515,397,12459,1192,2023-2024,,,,,,,,,,,,,,,,,,,,,,,,,,,
Wolves,27,48.9,38.0,23487,2823,8674,10264,4804,739,23483,823,415,50.4,324,39.4,13055,71341,36731,671,519,168,536,389,15352,1163,2023-2024,,,,,,,,,,,,,,,,,,,,,,,,,,,
,,,,,,,,,,,,,,,,,,,,,,,,,,,Arsenal,26.0,59.3,38.0,25910.0,1994.0,6632.0,11453.0,8015.0,1296.0,25906.0,758.0,358.0,47.2,290.0,38.3,15923.0,83916.0,44184.0,824.0,584.0,281.0,526.0,378.0,18101.0,2024.0,2022-2023
,,,,,,,,,,,,,,,,,,,,,,,,,,,Aston Villa,26.0,49.3,38.0,21500.0,2783.0,7912.0,9077.0,4705.0,746.0,21495.0,682.0,293.0,43.0,279.0,40.9,12295.0,65580.0,33150.0,637.0,434.0,174.0,565.0,371.0,13587.0,1227.0,2022-2023
,,,,,,,,,,,,,,,,,,,,,,,,,,,Bournemouth,31.0,40.4,38.0,19950.0,2934.0,8004.0,7933.0,4256.0,699.0,19950.0,743.0,329.0,44.3,344.0,46.3,10340.0,55360.0,27431.0,504.0,389.0,144.0,589.0,367.0,11617.0,986.0,2022-2023
,,,,,,,,,,,,,,,,,,,,,,,,,,,Brentford,25.0,43.8,38.0,19749.0,2632.0,7290.0,7803.0,4835.0,827.0,19741.0,600.0,267.0,44.5,248.0,41.3,10409.0,49018.0,23993.0,392.0,300.0,102.0,520.0,336.0,11203.0,1121.0,2022-2023
,,,,,,,,,,,,,,,,,,,,,,,,,,,Brighton,29.0,60.2,38.0,26728.0,2471.0,7844.0,12213.0,6873.0,1102.0,26722.0,726.0,345.0,47.5,279.0,38.4,16331.0,83718.0,43965.0,809.0,547.0,250.0,558.0,324.0,18991.0,1828.0,2022-2023
,,,,,,,,,,,,,,,,,,,,,,,,,,,Chelsea,32.0,58.7,38.0,27166.0,2564.0,8461.0,12057.0,6850.0,958.0,27163.0,838.0,380.0,45.3,352.0,42.0,16538.0,83509.0,43596.0,829.0,622.0,216.0,568.0,381.0,19065.0,1729.0,2022-2023
,,,,,,,,,,,,,,,,,,,,,,,,,,,Crystal Palace,26.0,46.3,38.0,21713.0,2580.0,7668.0,9275.0,4991.0,766.0,21710.0,784.0,367.0,46.8,314.0,40.1,11687.0,60301.0,30015.0,556.0,393.0,206.0,643.0,457.0,13304.0,1238.0,2022-2023
,,,,,,,,,,,,,,,,,,,,,,,,,,,Everton,28.0,42.8,38.0,20233.0,2527.0,7219.0,8418.0,4830.0,742.0,20229.0,674.0,310.0,46.0,296.0,43.9,10479.0,56737.0,27858.0,500.0,391.0,137.0,605.0,300.0,11708.0,1042.0,2022-2023
,,,,,,,,,,,,,,,,,,,,,,,,,,,Fulham,29.0,48.8,38.0,22162.0,2563.0,7462.0,9525.0,5416.0,758.0,22153.0,607.0,281.0,46.3,238.0,39.2,12252.0,68216.0,35374.0,663.0,474.0,124.0,535.0,379.0,13848.0,1316.0,2022-2023
,,,,,,,,,,,,,,,,,,,,,,,,,,,Leeds United,29.0,47.0,38.0,21642.0,2125.0,6971.0,9290.0,5587.0,796.0,21639.0,689.0,269.0,39.0,328.0,47.6,11343.0,55029.0,27060.0,555.0,379.0,146.0,602.0,421.0,12330.0,1418.0,2022-2023
,,,,,,,,,,,,,,,,,,,,,,,,,,,Leicester City,28.0,47.7,38.0,23124.0,2681.0,8409.0,10293.0,4641.0,688.0,23118.0,623.0,294.0,47.2,245.0,39.3,12503.0,63356.0,31619.0,580.0,363.0,175.0,548.0,313.0,14797.0,1294.0,2022-2023
,,,,,,,,,,,,,,,,,,,,,,,,,,,Liverpool,28.0,60.8,38.0,28398.0,2310.0,8119.0,13329.0,7149.0,1252.0,28394.0,693.0,323.0,46.6,281.0,40.5,17148.0,82470.0,41527.0,719.0,569.0,234.0,584.0,413.0,19921.0,1974.0,2022-2023
,,,,,,,,,,,,,,,,,,,,,,,,,,,Manchester City,24.0,64.7,38.0,29895.0,2170.0,7410.0,14372.0,8301.0,1277.0,29885.0,704.0,336.0,47.7,239.0,33.9,19122.0,104099.0,56216.0,988.0,754.0,279.0,406.0,298.0,22992.0,2054.0,2022-2023
,,,,,,,,,,,,,,,,,,,,,,,,,,,Manchester Utd,26.0,53.7,38.0,24847.0,2639.0,8093.0,10389.0,6569.0,1036.0,24844.0,730.0,317.0,43.4,338.0,46.3,14245.0,70351.0,37126.0,711.0,515.0,239.0,497.0,293.0,16447.0,1578.0,2022-2023
,,,,,,,,,,,,,,,,,,,,,,,,,,,Newcastle Utd,27.0,52.3,38.0,22106.0,2088.0,6757.0,9053.0,6516.0,1161.0,22100.0,784.0,350.0,44.6,322.0,41.1,12023.0,64186.0,32987.0,695.0,493.0,228.0,576.0,363.0,13803.0,1599.0,2022-2023
,,,,,,,,,,,,,,,,,,,,,,,,,,,Nott'ham Forest,33.0,37.6,38.0,17911.0,2715.0,7420.0,6953.0,3755.0,611.0,17905.0,572.0,258.0,45.1,234.0,40.9,8674.0,46411.0,24020.0,436.0,308.0,111.0,537.0,275.0,9452.0,847.0,2022-2023
,,,,,,,,,,,,,,,,,,,,,,,,,,,Southampton,36.0,44.5,38.0,21094.0,2639.0,7453.0,8997.0,4879.0,712.0,21090.0,760.0,362.0,47.6,318.0,41.8,11323.0,61002.0,29821.0,588.0,452.0,131.0,567.0,401.0,12216.0,1112.0,2022-2023
,,,,,,,,,,,,,,,,,,,,,,,,,,,Tottenham,29.0,50.0,38.0,23836.0,2734.0,8571.0,10329.0,5135.0,842.0,23830.0,666.0,306.0,45.9,288.0,43.2,13679.0,71290.0,36842.0,692.0,465.0,189.0,521.0,356.0,15864.0,1436.0,2022-2023
,,,,,,,,,,,,,,,,,,,,,,,,,,,West Ham,25.0,42.1,38.0,20411.0,2362.0,6898.0,8704.0,4993.0,756.0,20403.0,615.0,250.0,40.7,266.0,43.3,10540.0,57451.0,28247.0,615.0,413.0,166.0,458.0,357.0,12256.0,1266.0,2022-2023
,,,,,,,,,,,,,,,,,,,,,,,,,,,Wolves,32.0,49.9,38.0,22539.0,2921.0,8544.0,9264.0,4960.0,686.0,22536.0,782.0,385.0,49.2,302.0,38.6,12374.0,67241.0,35071.0,610.0,421.0,142.0,516.0,326.0,14453.0,1332.0,2022-2023
