Unnamed: 0_level_0,Unnamed: 1_level_0,Unnamed: 2_level_0,SCA,SCA.1,SCA Types,SCA Types.1,SCA Types.2,SCA Types.3,SCA Types.4,SCA Types.5,GCA,GCA.1,GCA Types,GCA Types.1,GCA Types.2,GCA Types.3,GCA Types.4,GCA Types.5,Season,"('Unnamed: 0_level_0', 'Squad')","('Unnamed: 1_level_0', '# Pl')","('Unnamed: 2_level_0', '90s')","('SCA', 'SCA')","('SCA', 'SCA90')","('SCA Types', 'PassLive')","('SCA Types', 'PassDead')","('SCA Types', 'TO')","('SCA Types', 'Sh')","('SCA Types', 'Fld')","('SCA Types', 'Def')","('GCA', 'GCA')","('GCA', 'GCA90')","('GCA Types', 'PassLive')","('GCA Types', 'PassDead')","('GCA Types', 'TO')","('GCA Types', 'Sh')","('GCA Types', 'Fld')","('GCA Types', 'Def')","('Season', '')"
Squad,# Pl,90s,SCA,SCA90,PassLive,PassDead,TO,Sh,Fld,Def,GCA,GCA90,PassLive,PassDead,TO,Sh,Fld,Def,,,,,,,,,,,,,,,,,,,,,
Arsenal,25,38.0,1185,31.18,926,82,58,66,33,20,152,4.0,104,16,8,11,13,0,2023-2024,,,,,,,,,,,,,,,,,,,,
Aston Villa,31,38.0,912,24.0,670,77,47,73,31,14,129,3.39,92,8,8,10,8,3,2023-2024,,,,,,,,,,,,,,,,,,,,
Bournemouth,30,38.0,952,25.05,700,70,64,57,34,27,83,2.18,62,3,5,6,3,4,2023-2024,,,,,,,,,,,,,,,,,,,,
Brentford,28,38.0,804,21.16,557,102,34,55,42,14,81,2.13,57,7,3,8,6,0,2023-2024,,,,,,,,,,,,,,,,,,,,
Brighton,30,38.0,1010,26.58,749,87,54,71,38,11,89,2.34,59,5,9,9,6,1,2023-2024,,,,,,,,,,,,,,,,,,,,
Burnley,31,38.0,757,19.92,549,74,49,45,31,9,74,1.95,55,6,8,2,3,0,2023-2024,,,,,,,,,,,,,,,,,,,,
Chelsea,32,38.0,980,25.79,720,62,76,46,50,26,133,3.5,89,7,11,10,12,4,2023-2024,,,,,,,,,,,,,,,,,,,,
Crystal Palace,26,38.0,794,20.89,554,74,48,50,45,23,103,2.71,85,4,6,2,6,0,2023-2024,,,,,,,,,,,,,,,,,,,,
Everton,26,38.0,854,22.47,592,82,31,76,41,32,60,1.58,33,5,0,13,5,4,2023-2024,,,,,,,,,,,,,,,,,,,,
Fulham,25,38.0,877,23.08,652,79,40,67,24,15,95,2.5,73,6,4,8,3,1,2023-2024,,,,,,,,,,,,,,,,,,,,
Liverpool,30,38.0,1388,36.53,1045,116,66,101,43,17,131,3.45,96,8,9,10,7,1,2023-2024,,,,,,,,,,,,,,,,,,,,
Luton Town,28,38.0,749,19.71,504,73,59,55,46,12,81,2.13,46,7,6,16,6,0,2023-2024,,,,,,,,,,,,,,,,,,,,
Manchester City,25,38.0,1259,33.13,991,65,65,67,54,17,169,4.45,125,5,14,10,13,2,2023-2024,,,,,,,,,,,,,,,,,,,,
Manchester Utd,31,38.0,989,26.03,743,79,55,52,38,22,98,2.58,68,4,8,7,6,5,2023-2024,,,,,,,,,,,,,,,,,,,,
Newcastle Utd,32,38.0,983,25.87,713,69,72,67,46,16,144,3.79,90,7,18,13,13,3,2023-2024,,,,,,,,,,,,,,,,,,,,
Nott'ham Forest,33,38.0,783,20.61,566,67,49,56,32,13,90,2.37,70,5,7,3,3,2,2023-2024,,,,,,,,,,,,,,,,,,,,
Sheffield Utd,35,38.0,601,15.82,425,59,39,45,22,11,48,1.26,32,2,4,6,3,1,2023-2024,,,,,,,,,,,,,,,,,,,,
Tottenham,29,38.0,1053,27.71,818,60,60,61,31,23,122,3.21,96,7,7,5,3,4,2023-2024,,,,,,,,,,,,,,,,,,,,
West Ham,26,38.0,782,20.58,518,91,58,43,47,25,104,2.74,70,11,8,8,4,3,2023-2024,,,,,,,,,,,,,,,,,,,,
Wolves,27,38.0,743,19.55,519,67,53,47,42,15,81,2.13,52,7,7,6,7,2,2023-2024,,,,,,,,,,,,,,,,,,,,
,,,,,,,,,,,,,,,,,,,,Arsenal,26.0,38.0,1045.0,27.5,775.0,78.0,58.0,73.0,43.0,18.0,150.0,3.95,121.0,6.0,5.0,13.0,3.0,2.0,2022-2023
,,,,,,,,,,,,,,,,,,,,Aston Villa,26.0,38.0,751.0,19.76,565.0,50.0,48.0,38.0,40.0,10.0,84.0,2.21,55.0,2.0,6.0,12.0,6.0,3.0,2022-2023
,,,,,,,,,,,,,,,,,,,,Bournemouth,31.0,38.0,616.0,16.21,444.0,45.0,53.0,43.0,24.0,7.0,64.0,1.68,44.0,5.0,4.0,8.0,2.0,1.0,2022-2023
,,,,,,,,,,,,,,,,,,,,Brentford,25.0,38.0,702.0,18.47,475.0,99.0,32.0,45.0,44.0,7.0,98.0,2.58,65.0,8.0,4.0,8.0,11.0,2.0,2022-2023
,,,,,,,,,,,,,,,,,,,,Brighton,29.0,38.0,1075.0,28.29,819.0,73.0,81.0,63.0,27.0,12.0,115.0,3.03,83.0,3.0,13.0,9.0,6.0,1.0,2022-2023
,,,,,,,,,,,,,,,,,,,,Chelsea,32.0,38.0,859.0,22.61,667.0,66.0,42.0,42.0,31.0,11.0,68.0,1.79,57.0,3.0,2.0,2.0,4.0,0.0,2022-2023
,,,,,,,,,,,,,,,,,,,,Crystal Palace,26.0,38.0,746.0,19.63,497.0,67.0,56.0,49.0,59.0,18.0,67.0,1.76,43.0,6.0,6.0,6.0,4.0,2.0,2022-2023
,,,,,,,,,,,,,,,,,,,,Everton,28.0,38.0,735.0,19.34,493.0,84.0,39.0,54.0,45.0,20.0,59.0,1.55,41.0,5.0,5.0,2.0,4.0,2.0,2022-2023
,,,,,,,,,,,,,,,,,,,,Fulham,29.0,38.0,751.0,19.76,528.0,78.0,29.0,54.0,47.0,15.0,90.0,2.37,56.0,9.0,5.0,11.0,7.0,2.0,2022-2023
,,,,,,,,,,,,,,,,,,,,Leeds United,29.0,38.0,783.0,20.61,535.0,99.0,32.0,54.0,48.0,15.0,69.0,1.82,43.0,7.0,4.0,9.0,3.0,3.0,2022-2023
,,,,,,,,,,,,,,,,,,,,Leicester City,28.0,38.0,744.0,19.58,540.0,52.0,50.0,50.0,38.0,14.0,87.0,2.29,59.0,2.0,8.0,8.0,7.0,3.0,2022-2023
,,,,,,,,,,,,,,,,,,,,Liverpool,28.0,38.0,1046.0,27.53,778.0,85.0,56.0,75.0,33.0,19.0,129.0,3.39,97.0,9.0,7.0,8.0,7.0,1.0,2022-2023
,,,,,,,,,,,,,,,,,,,,Manchester City,24.0,38.0,1099.0,28.92,826.0,81.0,53.0,76.0,49.0,14.0,168.0,4.42,130.0,7.0,8.0,9.0,12.0,2.0,2022-2023
,,,,,,,,,,,,,,,,,,,,Manchester Utd,26.0,38.0,1051.0,27.66,840.0,58.0,46.0,63.0,35.0,9.0,99.0,2.61,79.0,3.0,8.0,5.0,4.0,0.0,2022-2023
,,,,,,,,,,,,,,,,,,,,Newcastle Utd,27.0,38.0,1008.0,26.53,690.0,110.0,62.0,77.0,57.0,12.0,106.0,2.79,64.0,6.0,15.0,10.0,6.0,5.0,2022-2023
,,,,,,,,,,,,,,,,,,,,Nott'ham Forest,33.0,38.0,593.0,15.61,416.0,59.0,31.0,38.0,36.0,13.0,54.0,1.42,31.0,5.0,4.0,11.0,3.0,0.0,2022-2023
,,,,,,,,,,,,,,,,,,,,Southampton,36.0,38.0,718.0,18.89,493.0,77.0,46.0,51.0,38.0,13.0,61.0,1.61,35.0,5.0,7.0,5.0,6.0,3.0,2022-2023
,,,,,,,,,,,,,,,,,,,,Tottenham,29.0,38.0,910.0,23.95,692.0,60.0,46.0,55.0,38.0,19.0,116.0,3.05,84.0,7.0,7.0,9.0,7.0,2.0,2022-2023
,,,,,,,,,,,,,,,,,,,,West Ham,25.0,38.0,817.0,21.5,586.0,81.0,40.0,60.0,35.0,15.0,67.0,1.76,41.0,6.0,6.0,8.0,6.0,0.0,2022-2023
,,,,,,,,,,,,,,,,,,,,Wolves,32.0,38.0,713.0,18.76,520.0,62.0,31.0,47.0,42.0,11.0,44.0,1.16,32.0,1.0,3.0,6.0,1.0,1.0,2022-2023
