Unnamed: 0_level_0,Unnamed: 1_level_0,Unnamed: 2_level_0,Playing Time,Playing Time.1,Playing Time.2,Playing Time.3,Playing Time.4,Starts,Starts.1,Starts.2,Subs,Subs.1,Subs.2,Team Success,Team Success.1,Team Success.2,Team Success.3,Team Success.4,Team Success (xG),Team Success (xG).1,Team Success (xG).2,Team Success (xG).3,Season,"('Unnamed: 0_level_0', 'Squad')","('Unnamed: 1_level_0', '# Pl')","('Unnamed: 2_level_0', 'Age')","('Playing Time', 'MP')","('Playing Time', 'Min')","('Playing Time', 'Mn/MP')","('Playing Time', 'Min%')","('Playing Time', '90s')","('Starts', 'Starts')","('Starts', 'Mn/Start')","('Starts', 'Compl')","('Subs', 'Subs')","('Subs', 'Mn/Sub')","('Subs', 'unSub')","('Team Success', 'PPM')","('Team Success', 'onG')","('Team Success', 'onGA')","('Team Success', '+/-')","('Team Success', '+/-90')","('Team Success (xG)', 'onxG')","('Team Success (xG)', 'onxGA')","('Team Success (xG)', 'xG+/-')","('Team Success (xG)', 'xG+/-90')","('Season', '')"
Squad,# Pl,Age,MP,Min,Mn/MP,Min%,90s,Starts,Mn/Start,Compl,Subs,Mn/Sub,unSub,PPM,onG,onGA,+/-,+/-90,onxG,onxGA,xG+/-,xG+/-90,,,,,,,,,,,,,,,,,,,,,,,,,
Arsenal,25,25.0,38,3420,90,100,38.0,418,84,263,154,17,188,2.34,91,29,62,1.63,76.1,27.9,48.2,1.27,2023-2024,,,,,,,,,,,,,,,,,,,,,,,,
Aston Villa,31,26.9,38,3420,90,100,38.0,418,83,270,151,19,186,1.79,76,61,15,0.39,63.3,59.9,3.4,0.09,2023-2024,,,,,,,,,,,,,,,,,,,,,,,,
Bournemouth,30,25.7,38,3420,90,100,38.0,418,82,247,170,20,171,1.26,54,67,-13,-0.34,55.9,58.1,-2.2,-0.06,2023-2024,,,,,,,,,,,,,,,,,,,,,,,,
Brentford,28,26.6,38,3420,90,100,38.0,418,83,247,170,16,172,1.03,56,65,-9,-0.24,58.2,56.0,2.2,0.06,2023-2024,,,,,,,,,,,,,,,,,,,,,,,,
Brighton,30,25.9,38,3420,90,100,38.0,418,80,239,176,23,166,1.26,55,62,-7,-0.18,56.8,55.4,1.4,0.04,2023-2024,,,,,,,,,,,,,,,,,,,,,,,,
Burnley,31,24.5,38,3420,90,100,38.0,418,82,255,162,19,180,0.63,41,78,-37,-0.97,40.6,70.4,-29.7,-0.78,2023-2024,,,,,,,,,,,,,,,,,,,,,,,,
Chelsea,32,24.2,38,3420,90,100,38.0,418,84,267,148,17,193,1.66,77,63,14,0.37,74.5,58.1,16.4,0.43,2023-2024,,,,,,,,,,,,,,,,,,,,,,,,
Crystal Palace,26,26.7,38,3420,90,100,38.0,418,85,292,126,16,214,1.29,57,58,-1,-0.03,48.6,52.0,-3.4,-0.09,2023-2024,,,,,,,,,,,,,,,,,,,,,,,,
Everton,26,27.1,38,3420,90,100,38.0,418,85,299,121,19,218,1.26,40,51,-11,-0.29,54.0,55.2,-1.2,-0.03,2023-2024,,,,,,,,,,,,,,,,,,,,,,,,
Fulham,25,28.4,38,3420,90,100,38.0,418,82,244,170,18,171,1.24,55,61,-6,-0.16,50.8,62.9,-12.1,-0.32,2023-2024,,,,,,,,,,,,,,,,,,,,,,,,
Liverpool,30,26.3,38,3420,90,100,38.0,418,82,248,166,20,176,2.16,86,41,45,1.18,87.8,45.7,42.0,1.11,2023-2024,,,,,,,,,,,,,,,,,,,,,,,,
Luton Town,28,26.7,38,3420,90,100,38.0,418,82,260,158,20,184,0.68,52,85,-33,-0.87,42.4,78.0,-35.5,-0.94,2023-2024,,,,,,,,,,,,,,,,,,,,,,,,
Manchester City,25,26.6,38,3420,90,100,38.0,418,85,301,115,19,221,2.39,96,34,62,1.63,80.5,35.6,44.9,1.18,2023-2024,,,,,,,,,,,,,,,,,,,,,,,,
Manchester Utd,31,26.1,38,3420,90,100,38.0,418,84,266,153,17,189,1.58,57,58,-1,-0.03,56.5,68.9,-12.5,-0.33,2023-2024,,,,,,,,,,,,,,,,,,,,,,,,
Newcastle Utd,32,27.2,38,3420,90,100,38.0,418,83,272,149,19,193,1.58,85,62,23,0.61,76.0,61.4,14.6,0.38,2023-2024,,,,,,,,,,,,,,,,,,,,,,,,
Nott'ham Forest,33,25.7,38,3420,90,100,38.0,418,83,257,158,18,182,0.95,49,67,-18,-0.47,49.9,53.3,-3.4,-0.09,2023-2024,,,,,,,,,,,,,,,,,,,,,,,,
Sheffield Utd,35,25.7,38,3420,90,100,38.0,418,81,263,152,23,188,0.42,35,104,-69,-1.82,38.3,76.6,-38.3,-1.01,2023-2024,,,,,,,,,,,,,,,,,,,,,,,,
Tottenham,29,25.2,38,3420,90,100,38.0,418,82,244,170,19,170,1.74,74,61,13,0.34,68.2,63.4,4.8,0.13,2023-2024,,,,,,,,,,,,,,,,,,,,,,,,
West Ham,26,28.3,38,3420,90,100,38.0,418,85,307,109,17,233,1.37,60,74,-14,-0.37,52.3,71.1,-18.8,-0.49,2023-2024,,,,,,,,,,,,,,,,,,,,,,,,
Wolves,27,26.6,38,3420,90,100,38.0,418,83,268,146,20,196,1.21,50,65,-15,-0.39,46.7,67.7,-21.0,-0.55,2023-2024,,,,,,,,,,,,,,,,,,,,,,,,
,,,,,,,,,,,,,,,,,,,,,,,,Arsenal,26.0,24.7,38.0,3420.0,90.0,100.0,38.0,418.0,85.0,270.0,150.0,15.0,192.0,2.21,88.0,43.0,45.0,1.18,71.6,42.0,29.6,0.78,2022-2023
,,,,,,,,,,,,,,,,,,,,,,,,Aston Villa,26.0,27.0,38.0,3420.0,90.0,100.0,38.0,418.0,83.0,274.0,144.0,20.0,193.0,1.61,51.0,46.0,5.0,0.13,50.3,52.5,-2.2,-0.06,2022-2023
,,,,,,,,,,,,,,,,,,,,,,,,Bournemouth,31.0,26.3,38.0,3420.0,90.0,100.0,38.0,418.0,84.0,279.0,141.0,19.0,201.0,1.03,37.0,71.0,-34.0,-0.89,38.5,63.8,-25.3,-0.67,2022-2023
,,,,,,,,,,,,,,,,,,,,,,,,Brentford,25.0,26.2,38.0,3420.0,90.0,100.0,38.0,418.0,82.0,247.0,171.0,19.0,171.0,1.55,58.0,46.0,12.0,0.32,56.3,48.8,7.5,0.2,2022-2023
,,,,,,,,,,,,,,,,,,,,,,,,Brighton,29.0,26.3,38.0,3420.0,90.0,100.0,38.0,418.0,83.0,277.0,143.0,19.0,199.0,1.63,72.0,53.0,19.0,0.5,73.3,50.2,23.1,0.61,2022-2023
,,,,,,,,,,,,,,,,,,,,,,,,Chelsea,32.0,26.3,38.0,3420.0,90.0,100.0,38.0,418.0,81.0,243.0,173.0,22.0,169.0,1.16,38.0,47.0,-9.0,-0.24,49.5,52.5,-3.0,-0.08,2022-2023
,,,,,,,,,,,,,,,,,,,,,,,,Crystal Palace,26.0,26.7,38.0,3420.0,90.0,100.0,38.0,418.0,84.0,277.0,138.0,17.0,204.0,1.18,40.0,49.0,-9.0,-0.24,39.3,48.1,-8.8,-0.23,2022-2023
,,,,,,,,,,,,,,,,,,,,,,,,Everton,28.0,26.6,38.0,3420.0,90.0,100.0,38.0,418.0,84.0,300.0,116.0,20.0,225.0,0.95,34.0,57.0,-23.0,-0.61,45.2,65.5,-20.4,-0.54,2022-2023
,,,,,,,,,,,,,,,,,,,,,,,,Fulham,29.0,28.2,38.0,3420.0,90.0,100.0,38.0,418.0,84.0,265.0,152.0,15.0,190.0,1.37,55.0,53.0,2.0,0.05,46.2,63.6,-17.4,-0.46,2022-2023
,,,,,,,,,,,,,,,,,,,,,,,,Leeds United,29.0,25.3,38.0,3420.0,90.0,100.0,38.0,418.0,82.0,260.0,157.0,21.0,185.0,0.82,48.0,78.0,-30.0,-0.79,47.3,67.1,-19.8,-0.52,2022-2023
,,,,,,,,,,,,,,,,,,,,,,,,Leicester City,28.0,26.1,38.0,3420.0,90.0,100.0,38.0,418.0,82.0,278.0,138.0,23.0,203.0,0.89,51.0,68.0,-17.0,-0.45,50.5,63.3,-12.8,-0.34,2022-2023
,,,,,,,,,,,,,,,,,,,,,,,,Liverpool,28.0,27.4,38.0,3420.0,90.0,100.0,38.0,418.0,82.0,253.0,164.0,20.0,178.0,1.76,75.0,47.0,28.0,0.74,71.5,50.8,20.7,0.55,2022-2023
,,,,,,,,,,,,,,,,,,,,,,,,Manchester City,24.0,27.2,38.0,3420.0,90.0,100.0,38.0,418.0,84.0,294.0,123.0,19.0,219.0,2.34,94.0,33.0,61.0,1.61,78.6,32.1,46.5,1.22,2022-2023
,,,,,,,,,,,,,,,,,,,,,,,,Manchester Utd,26.0,26.9,38.0,3420.0,90.0,100.0,38.0,418.0,83.0,269.0,149.0,19.0,192.0,1.97,58.0,43.0,15.0,0.39,67.7,50.4,17.3,0.45,2022-2023
,,,,,,,,,,,,,,,,,,,,,,,,Newcastle Utd,27.0,27.3,38.0,3420.0,90.0,100.0,38.0,418.0,84.0,263.0,155.0,16.0,185.0,1.87,68.0,33.0,35.0,0.92,71.9,39.5,32.3,0.85,2022-2023
,,,,,,,,,,,,,,,,,,,,,,,,Nott'ham Forest,33.0,26.5,38.0,3420.0,90.0,100.0,38.0,418.0,82.0,261.0,159.0,21.0,183.0,1.0,38.0,68.0,-30.0,-0.79,39.3,64.2,-24.9,-0.66,2022-2023
,,,,,,,,,,,,,,,,,,,,,,,,Southampton,36.0,24.7,38.0,3420.0,90.0,100.0,38.0,418.0,81.0,243.0,175.0,22.0,167.0,0.66,36.0,73.0,-37.0,-0.97,37.8,60.8,-23.0,-0.61,2022-2023
,,,,,,,,,,,,,,,,,,,,,,,,Tottenham,29.0,27.6,38.0,3420.0,90.0,100.0,38.0,418.0,85.0,278.0,140.0,15.0,202.0,1.58,70.0,63.0,7.0,0.18,57.0,49.6,7.4,0.2,2022-2023
,,,,,,,,,,,,,,,,,,,,,,,,West Ham,25.0,28.2,38.0,3420.0,90.0,100.0,38.0,418.0,84.0,286.0,132.0,20.0,204.0,1.05,42.0,55.0,-13.0,-0.34,49.2,53.0,-3.9,-0.1,2022-2023
,,,,,,,,,,,,,,,,,,,,,,,,Wolves,32.0,26.7,38.0,3420.0,90.0,100.0,38.0,418.0,80.0,248.0,165.0,24.0,175.0,1.08,31.0,58.0,-27.0,-0.71,36.8,59.9,-23.0,-0.61,2022-2023
