Unnamed: 0_level_0,Unnamed: 1_level_0,Unnamed: 2_level_0,Goals,Goals.1,Goals.2,Goals.3,Goals.4,Expected,Expected.1,Expected.2,Expected.3,Launched,Launched.1,Launched.2,Passes,Passes.1,Passes.2,Passes.3,Goal Kicks,Goal Kicks.1,Goal Kicks.2,Crosses,Crosses.1,Crosses.2,Sweeper,Sweeper.1,Sweeper.2,Season,"('Unnamed: 0_level_0', 'Squad')","('Unnamed: 1_level_0', '# Pl')","('Unnamed: 2_level_0', '90s')","('Goals', 'GA')","('Goals', 'PKA')","('Goals', 'FK')","('Goals', 'CK')","('Goals', 'OG')","('Expected', 'PSxG')","('Expected', 'PSxG/SoT')","('Expected', 'PSxG+/-')","('Expected', '/90')","('Launched', 'Cmp')","('Launched', 'Att')","('Launched', 'Cmp%')","('Passes', 'Att (GK)')","('Passes', 'Thr')","('Passes', 'Launch%')","('Passes', 'AvgLen')","('Goal Kicks', 'Att')","('Goal Kicks', 'Launch%')","('Goal Kicks', 'AvgLen')","('Crosses', 'Opp')","('Crosses', 'Stp')","('Crosses', 'Stp%')","('Sweeper', '#OPA')","('Sweeper', '#OPA/90')","('Sweeper', 'AvgDist')","('Season', '')"
Squad,# Pl,90s,GA,PKA,FK,CK,OG,PSxG,PSxG/SoT,PSxG+/-,/90,Cmp,Att,Cmp%,Att (GK),Thr,Launch%,AvgLen,Att,Launch%,AvgLen,Opp,Stp,Stp%,#OPA,#OPA/90,AvgDist,,,,,,,,,,,,,,,,,,,,,,,,,,,,,,
Arsenal,2,38.0,29,2,1,6,1,24.1,0.26,-3.9,-0.1,157,441,35.6,1058,189,35.1,30.7,195,35.9,31.1,375,48,12.8,59,1.55,17.9,2023-2024,,,,,,,,,,,,,,,,,,,,,,,,,,,,,
Aston Villa,2,38.0,61,1,1,10,4,61.7,0.35,4.7,0.12,136,380,35.8,1386,176,21.8,27.1,246,31.7,29.5,419,51,12.2,70,1.84,8.4,2023-2024,,,,,,,,,,,,,,,,,,,,,,,,,,,,,
Bournemouth,3,38.0,67,6,1,6,1,63.2,0.3,-2.8,-0.07,199,581,34.3,976,177,44.0,41.7,266,57.1,43.9,492,31,6.3,37,0.97,14.8,2023-2024,,,,,,,,,,,,,,,,,,,,,,,,,,,,,
Brentford,2,38.0,65,2,0,6,0,57.0,0.3,-8.0,-0.21,254,677,37.5,1330,136,37.1,34.5,318,57.5,44.9,605,46,7.6,38,1.0,12.6,2023-2024,,,,,,,,,,,,,,,,,,,,,,,,,,,,,
Brighton,2,38.0,62,6,1,8,2,51.1,0.28,-8.9,-0.23,102,274,37.2,1278,186,20.3,24.4,254,5.9,12.0,405,24,5.9,72,1.89,15.8,2023-2024,,,,,,,,,,,,,,,,,,,,,,,,,,,,,
Burnley,2,38.0,78,6,0,11,3,75.8,0.29,0.8,0.02,215,825,26.1,1826,216,35.6,34.3,284,61.6,44.7,562,50,8.9,74,1.95,17.2,2023-2024,,,,,,,,,,,,,,,,,,,,,,,,,,,,,
Chelsea,2,38.0,63,3,0,8,3,52.5,0.27,-7.5,-0.2,128,361,35.5,1129,184,22.5,28.1,282,37.9,32.6,514,39,7.6,47,1.24,15.8,2023-2024,,,,,,,,,,,,,,,,,,,,,,,,,,,,,
Crystal Palace,3,38.0,58,3,0,7,2,47.5,0.29,-8.5,-0.22,176,605,29.1,826,115,51.8,41.2,255,69.4,49.2,586,30,5.1,29,0.76,11.2,2023-2024,,,,,,,,,,,,,,,,,,,,,,,,,,,,,
Everton,1,38.0,51,8,0,9,3,52.4,0.28,4.4,0.12,360,901,40.0,1296,141,56.7,41.6,274,60.6,48.2,570,30,5.3,54,1.42,15.9,2023-2024,,,,,,,,,,,,,,,,,,,,,,,,,,,,,
Fulham,1,38.0,61,8,2,3,4,55.7,0.26,-1.3,-0.03,144,439,32.8,1272,167,25.5,28.5,301,38.2,33.0,472,19,4.0,40,1.05,14.2,2023-2024,,,,,,,,,,,,,,,,,,,,,,,,,,,,,
Liverpool,2,38.0,41,1,0,7,2,40.0,0.27,1.0,0.03,92,285,32.3,1348,192,17.0,24.7,228,24.6,27.5,376,18,4.8,46,1.21,17.7,2023-2024,,,,,,,,,,,,,,,,,,,,,,,,,,,,,
Luton Town,2,38.0,85,4,0,13,4,77.7,0.34,-3.3,-0.09,274,814,33.7,1122,151,52.4,50.8,349,64.8,46.8,561,16,2.9,77,2.03,19.0,2023-2024,,,,,,,,,,,,,,,,,,,,,,,,,,,,,
Manchester City,2,38.0,34,3,0,3,1,36.2,0.31,3.2,0.08,142,314,45.2,1342,161,19.7,27.2,158,31.0,31.9,312,31,9.9,63,1.66,17.3,2023-2024,,,,,,,,,,,,,,,,,,,,,,,,,,,,,
Manchester Utd,1,38.0,58,7,1,11,1,59.7,0.27,2.7,0.07,149,513,29.0,1184,140,35.4,31.2,329,28.6,26.0,601,42,7.0,37,0.97,12.9,2023-2024,,,,,,,,,,,,,,,,,,,,,,,,,,,,,
Newcastle Utd,3,38.0,62,4,1,8,1,61.1,0.29,0.1,0.0,100,301,33.2,803,236,18.8,36.3,281,53.4,40.5,449,30,6.7,53,1.39,19.5,2023-2024,,,,,,,,,,,,,,,,,,,,,,,,,,,,,
Nott'ham Forest,3,38.0,67,4,1,15,2,47.0,0.27,-18.0,-0.47,229,519,44.1,818,171,42.5,35.7,304,56.3,41.4,610,44,7.2,24,0.63,13.3,2023-2024,,,,,,,,,,,,,,,,,,,,,,,,,,,,,
Sheffield Utd,2,38.0,104,5,0,12,7,85.1,0.31,-11.9,-0.31,270,817,33.0,989,126,55.2,41.2,352,77.0,53.9,661,39,5.9,56,1.47,14.4,2023-2024,,,,,,,,,,,,,,,,,,,,,,,,,,,,,
Tottenham,1,38.0,61,7,1,8,3,60.0,0.32,2.0,0.05,53,225,23.6,1308,193,14.9,24.0,256,11.7,19.4,511,33,6.5,81,2.13,17.1,2023-2024,,,,,,,,,,,,,,,,,,,,,,,,,,,,,
West Ham,2,38.0,74,8,0,6,4,72.0,0.26,2.0,0.05,210,553,38.0,793,188,46.8,39.0,307,59.3,43.4,582,35,6.0,8,0.21,7.6,2023-2024,,,,,,,,,,,,,,,,,,,,,,,,,,,,,
Wolves,2,38.0,65,8,1,7,1,71.7,0.32,7.7,0.2,100,480,20.8,933,199,34.3,33.8,305,52.5,40.0,572,45,7.9,31,0.82,13.3,2023-2024,,,,,,,,,,,,,,,,,,,,,,,,,,,,,
,,,,,,,,,,,,,,,,,,,,,,,,,,,,,Arsenal,1.0,38.0,43.0,3.0,0.0,6.0,1.0,40.0,0.28,-2.0,-0.05,109.0,429.0,25.4,924.0,174.0,36.6,33.3,185.0,49.2,42.8,381.0,22.0,5.8,43.0,1.13,16.1,2022-2023
,,,,,,,,,,,,,,,,,,,,,,,,,,,,,Aston Villa,2.0,38.0,46.0,5.0,1.0,9.0,4.0,42.8,0.25,0.8,0.02,214.0,585.0,36.6,1247.0,153.0,37.0,37.6,265.0,46.8,38.3,528.0,65.0,12.3,76.0,2.0,14.2,2022-2023
,,,,,,,,,,,,,,,,,,,,,,,,,,,,,Bournemouth,2.0,38.0,71.0,6.0,0.0,16.0,3.0,63.6,0.29,-4.4,-0.11,231.0,591.0,39.1,847.0,190.0,44.0,31.9,353.0,61.8,44.1,739.0,40.0,5.4,30.0,0.79,10.5,2022-2023
,,,,,,,,,,,,,,,,,,,,,,,,,,,,,Brentford,1.0,38.0,46.0,2.0,1.0,9.0,3.0,48.1,0.24,5.1,0.13,347.0,882.0,39.3,1361.0,160.0,50.9,39.5,275.0,68.7,51.0,598.0,53.0,8.9,54.0,1.42,15.7,2022-2023
,,,,,,,,,,,,,,,,,,,,,,,,,,,,,Brighton,2.0,38.0,53.0,6.0,0.0,6.0,6.0,42.7,0.27,-4.3,-0.11,94.0,279.0,33.7,1067.0,151.0,21.4,28.9,247.0,20.6,23.2,355.0,27.0,7.6,32.0,0.84,12.3,2022-2023
,,,,,,,,,,,,,,,,,,,,,,,,,,,,,Chelsea,2.0,38.0,47.0,1.0,1.0,8.0,3.0,47.0,0.3,3.0,0.08,95.0,290.0,32.8,1087.0,198.0,18.2,27.6,248.0,37.1,31.9,460.0,24.0,5.2,63.0,1.66,13.7,2022-2023
,,,,,,,,,,,,,,,,,,,,,,,,,,,,,Crystal Palace,3.0,38.0,49.0,4.0,0.0,8.0,3.0,44.7,0.26,-1.3,-0.03,153.0,446.0,34.3,930.0,189.0,33.7,32.3,273.0,48.7,37.6,539.0,29.0,5.4,40.0,1.05,13.1,2022-2023
,,,,,,,,,,,,,,,,,,,,,,,,,,,,,Everton,2.0,38.0,57.0,5.0,2.0,4.0,0.0,60.4,0.3,3.4,0.09,274.0,814.0,33.7,1012.0,156.0,57.7,34.9,325.0,70.8,52.4,589.0,23.0,3.9,52.0,1.37,5.0,2022-2023
,,,,,,,,,,,,,,,,,,,,,,,,,,,,,Fulham,2.0,38.0,53.0,7.0,1.0,8.0,2.0,60.1,0.28,9.1,0.24,140.0,438.0,32.0,1176.0,193.0,28.4,46.0,280.0,37.1,35.0,490.0,36.0,7.3,48.0,1.26,14.0,2022-2023
,,,,,,,,,,,,,,,,,,,,,,,,,,,,,Leeds United,2.0,38.0,78.0,5.0,1.0,7.0,1.0,64.1,0.32,-12.9,-0.34,124.0,520.0,23.8,883.0,214.0,40.8,41.1,275.0,58.2,44.1,475.0,36.0,7.6,69.0,1.82,11.6,2022-2023
,,,,,,,,,,,,,,,,,,,,,,,,,,,,,Leicester City,2.0,38.0,68.0,4.0,4.0,8.0,5.0,55.4,0.29,-7.6,-0.2,132.0,497.0,26.6,1004.0,203.0,34.5,37.2,311.0,48.6,38.6,558.0,36.0,6.5,48.0,1.26,10.3,2022-2023
,,,,,,,,,,,,,,,,,,,,,,,,,,,,,Liverpool,2.0,38.0,47.0,2.0,0.0,0.0,2.0,54.1,0.33,9.1,0.24,118.0,285.0,41.4,1258.0,217.0,18.4,24.3,215.0,24.7,29.9,400.0,23.0,5.8,89.0,2.34,9.0,2022-2023
,,,,,,,,,,,,,,,,,,,,,,,,,,,,,Manchester City,2.0,38.0,33.0,3.0,1.0,4.0,1.0,30.3,0.3,-1.7,-0.05,128.0,287.0,44.6,1242.0,163.0,18.9,28.0,181.0,28.7,30.4,312.0,20.0,6.4,40.0,1.05,15.7,2022-2023
,,,,,,,,,,,,,,,,,,,,,,,,,,,,,Manchester Utd,1.0,38.0,43.0,2.0,2.0,6.0,1.0,41.3,0.27,-0.7,-0.02,141.0,449.0,31.4,909.0,128.0,37.0,32.3,302.0,37.4,31.7,526.0,15.0,2.9,32.0,0.84,14.8,2022-2023
,,,,,,,,,,,,,,,,,,,,,,,,,,,,,Newcastle Utd,2.0,38.0,33.0,2.0,0.0,8.0,2.0,33.2,0.24,2.2,0.06,126.0,378.0,33.3,714.0,246.0,32.2,20.7,230.0,64.3,48.5,441.0,35.0,7.9,74.0,1.95,12.4,2022-2023
,,,,,,,,,,,,,,,,,,,,,,,,,,,,,Nott'ham Forest,3.0,38.0,68.0,6.0,2.0,9.0,0.0,60.1,0.3,-7.9,-0.21,237.0,712.0,33.3,957.0,185.0,51.0,43.2,338.0,66.3,47.5,621.0,35.0,5.6,38.0,1.0,17.0,2022-2023
,,,,,,,,,,,,,,,,,,,,,,,,,,,,,Southampton,2.0,38.0,73.0,2.0,1.0,8.0,5.0,46.0,0.29,-22.0,-0.58,234.0,742.0,31.5,1115.0,173.0,50.5,36.5,303.0,59.1,44.9,548.0,42.0,7.7,55.0,1.45,13.5,2022-2023
,,,,,,,,,,,,,,,,,,,,,,,,,,,,,Tottenham,2.0,38.0,63.0,3.0,1.0,7.0,1.0,55.1,0.3,-6.9,-0.18,113.0,342.0,33.0,804.0,180.0,31.0,30.2,283.0,32.9,29.5,515.0,25.0,4.9,45.0,1.18,15.2,2022-2023
,,,,,,,,,,,,,,,,,,,,,,,,,,,,,West Ham,2.0,38.0,55.0,4.0,0.0,4.0,1.0,53.2,0.29,-0.8,-0.02,212.0,553.0,38.3,715.0,167.0,54.7,33.4,302.0,53.6,40.8,560.0,31.0,5.5,26.0,0.68,10.3,2022-2023
,,,,,,,,,,,,,,,,,,,,,,,,,,,,,Wolves,2.0,38.0,58.0,2.0,0.0,6.0,1.0,52.2,0.28,-4.8,-0.13,130.0,464.0,28.0,992.0,196.0,29.8,32.9,283.0,59.4,45.1,577.0,48.0,8.3,29.0,0.76,8.0,2022-2023
