Unnamed: 0_level_0,Unnamed: 1_level_0,Unnamed: 2_level_0,Tackles,Tackles.1,Tackles.2,Tackles.3,Tackles.4,Challenges,Challenges.1,Challenges.2,Challenges.3,Blocks,Blocks.1,Blocks.2,Unnamed: 15_level_0,Unnamed: 16_level_0,Unnamed: 17_level_0,Unnamed: 18_level_0,Season,"('Unnamed: 0_level_0', 'Squad')","('Unnamed: 1_level_0', '# Pl')","('Unnamed: 2_level_0', '90s')","('Tackles', 'Tkl')","('Tackles', 'TklW')","('Tackles', 'Def 3rd')","('Tackles', 'Mid 3rd')","('Tackles', 'Att 3rd')","('Challenges', 'Tkl')","('Challenges', 'Att')","('Challenges', 'Tkl%')","('Challenges', 'Lost')","('Blocks', 'Blocks')","('Blocks', 'Sh')","('Blocks', 'Pass')","('Unnamed: 15_level_0', 'Int')","('Unnamed: 16_level_0', 'Tkl+Int')","('Unnamed: 17_level_0', 'Clr')","('Unnamed: 18_level_0', 'Err')","('Season', '')"
Squad,# Pl,90s,Tkl,TklW,Def 3rd,Mid 3rd,Att 3rd,Tkl,Att,Tkl%,Lost,Blocks,Sh,Pass,Int,Tkl+Int,Clr,Err,,,,,,,,,,,,,,,,,,,,,
Arsenal,25,38.0,610,348,257,246,107,271,543,49.9,272,412,106,306,292,902,515,18,2023-2024,,,,,,,,,,,,,,,,,,,,
Aston Villa,31,38.0,547,311,269,210,68,260,550,47.3,290,389,113,276,236,783,597,13,2023-2024,,,,,,,,,,,,,,,,,,,,
Bournemouth,30,38.0,693,410,301,281,111,325,688,47.2,363,504,153,351,357,1050,817,16,2023-2024,,,,,,,,,,,,,,,,,,,,
Brentford,28,38.0,677,399,349,250,78,317,697,45.5,380,474,142,332,378,1055,903,18,2023-2024,,,,,,,,,,,,,,,,,,,,
Brighton,30,38.0,644,366,292,252,100,307,658,46.7,351,437,140,297,288,932,603,21,2023-2024,,,,,,,,,,,,,,,,,,,,
Burnley,31,38.0,607,342,282,247,78,284,584,48.6,300,477,169,308,280,887,837,22,2023-2024,,,,,,,,,,,,,,,,,,,,
Chelsea,32,38.0,663,376,325,235,103,323,630,51.3,307,448,166,282,298,961,785,24,2023-2024,,,,,,,,,,,,,,,,,,,,
Crystal Palace,26,38.0,788,464,373,301,114,337,609,55.3,272,456,122,334,323,1111,927,6,2023-2024,,,,,,,,,,,,,,,,,,,,
Everton,26,38.0,743,442,371,261,111,347,701,49.5,354,479,177,302,358,1101,882,12,2023-2024,,,,,,,,,,,,,,,,,,,,
Fulham,25,38.0,679,384,339,260,80,346,678,51.0,332,437,117,320,371,1050,744,14,2023-2024,,,,,,,,,,,,,,,,,,,,
Liverpool,30,38.0,677,418,274,290,113,341,768,44.4,427,475,108,367,292,969,583,19,2023-2024,,,,,,,,,,,,,,,,,,,,
Luton Town,28,38.0,654,368,330,236,88,299,616,48.5,317,493,183,310,325,979,916,21,2023-2024,,,,,,,,,,,,,,,,,,,,
Manchester City,25,38.0,517,305,183,221,113,222,458,48.5,236,353,75,278,233,750,457,17,2023-2024,,,,,,,,,,,,,,,,,,,,
Manchester Utd,31,38.0,676,409,334,240,102,349,715,48.8,366,534,207,327,313,989,884,12,2023-2024,,,,,,,,,,,,,,,,,,,,
Newcastle Utd,32,38.0,661,391,316,254,91,302,681,44.3,379,497,151,346,285,946,682,16,2023-2024,,,,,,,,,,,,,,,,,,,,
Nott'ham Forest,33,38.0,728,430,437,219,72,326,609,53.5,283,489,168,321,331,1059,968,13,2023-2024,,,,,,,,,,,,,,,,,,,,
Sheffield Utd,35,38.0,709,405,375,248,86,299,635,47.1,336,514,180,334,348,1057,1042,18,2023-2024,,,,,,,,,,,,,,,,,,,,
Tottenham,29,38.0,724,451,335,264,125,360,691,52.1,331,445,132,313,355,1079,707,24,2023-2024,,,,,,,,,,,,,,,,,,,,
West Ham,26,38.0,684,426,350,254,80,307,607,50.6,300,487,180,307,361,1045,906,9,2023-2024,,,,,,,,,,,,,,,,,,,,
Wolves,27,38.0,739,430,415,247,77,312,607,51.4,295,506,173,333,284,1023,828,16,2023-2024,,,,,,,,,,,,,,,,,,,,
,,,,,,,,,,,,,,,,,,,,Arsenal,26.0,38.0,568.0,343.0,238.0,212.0,118.0,249.0,510.0,48.8,261.0,362.0,86.0,276.0,237.0,805.0,599.0,23.0,2022-2023
,,,,,,,,,,,,,,,,,,,,Aston Villa,26.0,38.0,632.0,338.0,305.0,251.0,76.0,312.0,648.0,48.1,336.0,438.0,118.0,320.0,324.0,956.0,714.0,14.0,2022-2023
,,,,,,,,,,,,,,,,,,,,Bournemouth,31.0,38.0,618.0,371.0,316.0,249.0,53.0,256.0,614.0,41.7,358.0,499.0,170.0,329.0,353.0,971.0,1027.0,11.0,2022-2023
,,,,,,,,,,,,,,,,,,,,Brentford,25.0,38.0,588.0,338.0,271.0,228.0,89.0,253.0,597.0,42.4,344.0,456.0,168.0,288.0,341.0,929.0,822.0,14.0,2022-2023
,,,,,,,,,,,,,,,,,,,,Brighton,29.0,38.0,616.0,340.0,270.0,242.0,104.0,266.0,561.0,47.4,295.0,392.0,104.0,288.0,303.0,919.0,432.0,15.0,2022-2023
,,,,,,,,,,,,,,,,,,,,Chelsea,32.0,38.0,740.0,445.0,363.0,267.0,110.0,333.0,656.0,50.8,323.0,466.0,108.0,358.0,341.0,1081.0,661.0,21.0,2022-2023
,,,,,,,,,,,,,,,,,,,,Crystal Palace,26.0,38.0,690.0,421.0,354.0,246.0,90.0,281.0,532.0,52.8,251.0,463.0,119.0,344.0,359.0,1049.0,807.0,7.0,2022-2023
,,,,,,,,,,,,,,,,,,,,Everton,28.0,38.0,708.0,424.0,362.0,257.0,89.0,309.0,619.0,49.9,310.0,510.0,180.0,330.0,390.0,1098.0,874.0,17.0,2022-2023
,,,,,,,,,,,,,,,,,,,,Fulham,29.0,38.0,625.0,350.0,295.0,229.0,101.0,299.0,588.0,50.9,289.0,455.0,125.0,330.0,340.0,965.0,749.0,15.0,2022-2023
,,,,,,,,,,,,,,,,,,,,Leeds United,29.0,38.0,840.0,480.0,376.0,343.0,121.0,412.0,870.0,47.4,458.0,536.0,131.0,405.0,392.0,1232.0,734.0,18.0,2022-2023
,,,,,,,,,,,,,,,,,,,,Leicester City,28.0,38.0,699.0,412.0,345.0,291.0,63.0,308.0,677.0,45.5,369.0,517.0,170.0,347.0,367.0,1066.0,777.0,12.0,2022-2023
,,,,,,,,,,,,,,,,,,,,Liverpool,28.0,38.0,590.0,370.0,228.0,250.0,112.0,281.0,651.0,43.2,370.0,350.0,74.0,276.0,333.0,923.0,568.0,20.0,2022-2023
,,,,,,,,,,,,,,,,,,,,Manchester City,24.0,38.0,471.0,272.0,185.0,198.0,88.0,212.0,462.0,45.9,250.0,339.0,95.0,244.0,223.0,694.0,402.0,9.0,2022-2023
,,,,,,,,,,,,,,,,,,,,Manchester Utd,26.0,38.0,657.0,400.0,343.0,231.0,83.0,300.0,600.0,50.0,300.0,496.0,146.0,350.0,352.0,1009.0,771.0,11.0,2022-2023
,,,,,,,,,,,,,,,,,,,,Newcastle Utd,27.0,38.0,607.0,360.0,268.0,254.0,85.0,307.0,642.0,47.8,335.0,448.0,116.0,332.0,333.0,940.0,680.0,10.0,2022-2023
,,,,,,,,,,,,,,,,,,,,Nott'ham Forest,33.0,38.0,659.0,387.0,380.0,201.0,78.0,296.0,589.0,50.3,293.0,500.0,156.0,344.0,349.0,1008.0,944.0,7.0,2022-2023
,,,,,,,,,,,,,,,,,,,,Southampton,36.0,38.0,714.0,426.0,378.0,279.0,57.0,297.0,612.0,48.5,315.0,542.0,165.0,377.0,427.0,1141.0,852.0,11.0,2022-2023
,,,,,,,,,,,,,,,,,,,,Tottenham,29.0,38.0,619.0,353.0,325.0,215.0,79.0,275.0,574.0,47.9,299.0,428.0,148.0,280.0,340.0,959.0,762.0,20.0,2022-2023
,,,,,,,,,,,,,,,,,,,,West Ham,25.0,38.0,608.0,336.0,290.0,226.0,92.0,270.0,563.0,48.0,293.0,415.0,139.0,276.0,408.0,1016.0,810.0,10.0,2022-2023
,,,,,,,,,,,,,,,,,,,,Wolves,32.0,38.0,660.0,370.0,363.0,222.0,75.0,285.0,616.0,46.3,331.0,497.0,175.0,322.0,279.0,939.0,817.0,19.0,2022-2023
