Unnamed: 0_level_0,Unnamed: 1_level_0,Unnamed: 2_level_0,Standard,Standard.1,Standard.2,Standard.3,Standard.4,Standard.5,Standard.6,Standard.7,Standard.8,Standard.9,Standard.10,Standard.11,Expected,Expected.1,Expected.2,Expected.3,Expected.4,Season,"('Unnamed: 0_level_0', 'Squad')","('Unnamed: 1_level_0', '# Pl')","('Unnamed: 2_level_0', '90s')","('Standard', 'Gls')","('Standard', 'Sh')","('Standard', 'SoT')","('Standard', 'SoT%')","('Standard', 'Sh/90')","('Standard', 'SoT/90')","('Standard', 'G/Sh')","('Standard', 'G/SoT')","('Standard', 'Dist')","('Standard', 'FK')","('Standard', 'PK')","('Standard', 'PKatt')","('Expected', 'xG')","('Expected', 'npxG')","('Expected', 'npxG/Sh')","('Expected', 'G-xG')","('Expected', 'np:G-xG')","('Season', '')"
Squad,# Pl,90s,Gls,Sh,SoT,SoT%,Sh/90,SoT/90,G/Sh,G/SoT,Dist,FK,PK,PKatt,xG,npxG,npxG/Sh,G-xG,np:G-xG,,,,,,,,,,,,,,,,,,,,,,
Arsenal,25,38.0,86,647,209,32.3,17.03,5.5,0.12,0.36,15.8,6,10,10,76.1,68.5,0.11,9.9,7.5,2023-2024,,,,,,,,,,,,,,,,,,,,,
Aston Villa,31,38.0,72,511,182,35.6,13.45,4.79,0.13,0.37,16.0,15,4,4,63.3,60.3,0.12,8.7,7.7,2023-2024,,,,,,,,,,,,,,,,,,,,,
Bournemouth,30,38.0,52,539,175,32.5,14.18,4.61,0.09,0.29,16.7,18,2,3,55.9,53.6,0.1,-3.9,-3.6,2023-2024,,,,,,,,,,,,,,,,,,,,,
Brentford,28,38.0,54,470,159,33.8,12.37,4.18,0.11,0.32,15.6,17,3,3,58.2,56.0,0.12,-4.2,-5.0,2023-2024,,,,,,,,,,,,,,,,,,,,,
Brighton,30,38.0,50,555,198,35.7,14.61,5.21,0.08,0.23,16.7,11,5,6,56.8,52.2,0.1,-6.8,-7.2,2023-2024,,,,,,,,,,,,,,,,,,,,,
Burnley,31,38.0,40,430,137,31.9,11.32,3.61,0.09,0.27,17.7,13,3,3,40.6,38.3,0.09,-0.6,-1.3,2023-2024,,,,,,,,,,,,,,,,,,,,,
Chelsea,32,38.0,76,537,194,36.1,14.13,5.11,0.12,0.34,17.3,22,11,12,74.5,65.1,0.12,1.5,-0.1,2023-2024,,,,,,,,,,,,,,,,,,,,,
Crystal Palace,26,38.0,56,452,162,35.8,11.89,4.26,0.12,0.32,17.2,20,4,4,48.6,45.4,0.1,7.4,6.6,2023-2024,,,,,,,,,,,,,,,,,,,,,
Everton,26,38.0,40,504,152,30.2,13.26,4.0,0.08,0.25,16.7,14,2,3,54.0,51.6,0.11,-14.0,-13.6,2023-2024,,,,,,,,,,,,,,,,,,,,,
Fulham,25,38.0,54,499,175,35.1,13.13,4.61,0.1,0.3,17.0,14,2,2,50.8,49.2,0.1,3.2,2.8,2023-2024,,,,,,,,,,,,,,,,,,,,,
Liverpool,30,38.0,80,781,263,33.7,20.55,6.92,0.09,0.28,17.2,18,6,9,87.8,80.4,0.11,-7.8,-6.4,2023-2024,,,,,,,,,,,,,,,,,,,,,
Luton Town,28,38.0,49,427,134,31.4,11.24,3.53,0.1,0.33,16.3,11,5,5,42.4,38.6,0.09,6.6,5.4,2023-2024,,,,,,,,,,,,,,,,,,,,,
Manchester City,25,38.0,94,683,264,38.7,17.97,6.95,0.12,0.32,17.1,25,9,10,80.5,72.9,0.11,13.5,12.1,2023-2024,,,,,,,,,,,,,,,,,,,,,
Manchester Utd,31,38.0,57,543,182,33.5,14.29,4.79,0.09,0.28,17.4,15,6,7,56.5,51.0,0.1,0.5,0.0,2023-2024,,,,,,,,,,,,,,,,,,,,,
Newcastle Utd,32,38.0,83,542,196,36.2,14.26,5.16,0.14,0.38,15.7,9,8,9,76.0,69.0,0.13,7.0,6.0,2023-2024,,,,,,,,,,,,,,,,,,,,,
Nott'ham Forest,33,38.0,49,450,143,31.8,11.84,3.76,0.11,0.34,17.2,7,1,1,49.9,49.1,0.11,-0.9,-1.1,2023-2024,,,,,,,,,,,,,,,,,,,,,
Sheffield Utd,35,38.0,31,360,117,32.5,9.47,3.08,0.07,0.22,17.4,8,5,5,38.3,34.5,0.1,-7.3,-8.5,2023-2024,,,,,,,,,,,,,,,,,,,,,
Tottenham,29,38.0,69,582,207,35.6,15.32,5.45,0.12,0.32,16.5,11,2,2,68.2,66.7,0.12,0.8,0.3,2023-2024,,,,,,,,,,,,,,,,,,,,,
West Ham,26,38.0,58,445,146,32.8,11.71,3.84,0.12,0.37,16.2,17,4,5,52.3,48.4,0.11,5.7,5.6,2023-2024,,,,,,,,,,,,,,,,,,,,,
Wolves,27,38.0,47,425,153,36.0,11.18,4.03,0.1,0.28,16.7,12,4,4,46.7,43.6,0.11,0.3,-0.6,2023-2024,,,,,,,,,,,,,,,,,,,,,
,,,,,,,,,,,,,,,,,,,,,Arsenal,26.0,38.0,84.0,589.0,194.0,32.9,15.5,5.11,0.14,0.42,16.0,16.0,3.0,4.0,71.6,68.9,0.12,12.4,12.1,2022-2023
,,,,,,,,,,,,,,,,,,,,,Aston Villa,26.0,38.0,49.0,427.0,145.0,34.0,11.24,3.82,0.11,0.32,18.0,18.0,3.0,4.0,50.3,47.2,0.11,-1.3,-1.2,2022-2023
,,,,,,,,,,,,,,,,,,,,,Bournemouth,31.0,38.0,37.0,358.0,126.0,35.2,9.42,3.32,0.1,0.29,15.5,14.0,0.0,0.0,38.5,38.5,0.11,-1.5,-1.5,2022-2023
,,,,,,,,,,,,,,,,,,,,,Brentford,25.0,38.0,56.0,400.0,147.0,36.8,10.53,3.87,0.12,0.33,15.7,14.0,7.0,8.0,56.3,50.1,0.13,-0.3,-1.1,2022-2023
,,,,,,,,,,,,,,,,,,,,,Brighton,29.0,38.0,68.0,607.0,219.0,36.1,15.97,5.76,0.1,0.28,16.8,12.0,6.0,6.0,73.3,68.9,0.12,-5.3,-6.9,2022-2023
,,,,,,,,,,,,,,,,,,,,,Chelsea,32.0,38.0,37.0,481.0,151.0,31.4,12.66,3.97,0.07,0.23,16.8,10.0,3.0,3.0,49.5,47.2,0.1,-12.5,-13.2,2022-2023
,,,,,,,,,,,,,,,,,,,,,Crystal Palace,26.0,38.0,38.0,423.0,133.0,31.4,11.13,3.5,0.09,0.28,17.6,23.0,1.0,3.0,39.3,36.8,0.09,-1.3,0.2,2022-2023
,,,,,,,,,,,,,,,,,,,,,Everton,28.0,38.0,32.0,426.0,143.0,33.6,11.21,3.76,0.07,0.2,16.8,12.0,3.0,3.0,45.2,42.8,0.1,-13.2,-13.8,2022-2023
,,,,,,,,,,,,,,,,,,,,,Fulham,29.0,38.0,52.0,420.0,137.0,32.6,11.05,3.61,0.11,0.34,17.3,17.0,5.0,9.0,46.2,39.1,0.1,5.8,7.9,2022-2023
,,,,,,,,,,,,,,,,,,,,,Leeds United,29.0,38.0,45.0,459.0,141.0,30.7,12.08,3.71,0.1,0.31,16.6,19.0,1.0,3.0,47.3,44.9,0.1,-2.3,-0.9,2022-2023
,,,,,,,,,,,,,,,,,,,,,Leicester City,28.0,38.0,49.0,412.0,142.0,34.5,10.84,3.74,0.11,0.32,17.7,14.0,3.0,6.0,50.5,45.7,0.11,-1.5,0.3,2022-2023
,,,,,,,,,,,,,,,,,,,,,Liverpool,28.0,38.0,71.0,601.0,203.0,33.8,15.82,5.34,0.11,0.34,16.2,7.0,2.0,4.0,71.5,68.4,0.12,-0.5,0.6,2022-2023
,,,,,,,,,,,,,,,,,,,,,Manchester City,24.0,38.0,92.0,590.0,205.0,34.7,15.53,5.39,0.14,0.4,16.6,20.0,9.0,10.0,78.6,71.1,0.12,13.4,11.9,2022-2023
,,,,,,,,,,,,,,,,,,,,,Manchester Utd,26.0,38.0,56.0,590.0,206.0,34.9,15.53,5.42,0.09,0.26,17.8,20.0,3.0,3.0,67.7,65.3,0.11,-11.7,-12.3,2022-2023
,,,,,,,,,,,,,,,,,,,,,Newcastle Utd,27.0,38.0,64.0,565.0,184.0,32.6,14.87,4.84,0.1,0.32,15.6,15.0,6.0,6.0,71.9,67.3,0.12,-7.9,-9.3,2022-2023
,,,,,,,,,,,,,,,,,,,,,Nott'ham Forest,33.0,38.0,36.0,362.0,111.0,30.7,9.53,2.92,0.09,0.3,17.2,9.0,3.0,6.0,39.3,34.6,0.1,-3.3,-1.6,2022-2023
,,,,,,,,,,,,,,,,,,,,,Southampton,36.0,38.0,36.0,413.0,132.0,32.0,10.87,3.47,0.08,0.26,18.1,17.0,2.0,4.0,37.8,34.6,0.09,-1.8,-0.6,2022-2023
,,,,,,,,,,,,,,,,,,,,,Tottenham,29.0,38.0,68.0,512.0,186.0,36.3,13.47,4.89,0.12,0.34,16.7,14.0,5.0,6.0,57.0,52.3,0.1,11.0,10.7,2022-2023
,,,,,,,,,,,,,,,,,,,,,West Ham,25.0,38.0,41.0,466.0,133.0,28.5,12.26,3.5,0.08,0.26,17.3,13.0,6.0,8.0,49.2,43.7,0.1,-8.2,-8.7,2022-2023
,,,,,,,,,,,,,,,,,,,,,Wolves,32.0,38.0,28.0,409.0,119.0,29.1,10.76,3.13,0.06,0.21,18.0,18.0,3.0,3.0,36.8,34.5,0.09,-8.8,-9.5,2022-2023
