Unnamed: 0_level_0,Unnamed: 1_level_0,Unnamed: 2_level_0,Performance,Performance.1,Performance.2,Performance.3,Performance.4,Performance.5,Performance.6,Performance.7,Performance.8,Performance.9,Performance.10,Performance.11,Performance.12,Aerial Duels,Aerial Duels.1,Aerial Duels.2,Season,"('Unnamed: 0_level_0', 'Squad')","('Unnamed: 1_level_0', '# Pl')","('Unnamed: 2_level_0', '90s')","('Performance', 'CrdY')","('Performance', 'CrdR')","('Performance', '2CrdY')","('Performance', 'Fls')","('Performance', 'Fld')","('Performance', 'Off')","('Performance', 'Crs')","('Performance', 'Int')","('Performance', 'TklW')","('Performance', 'PKwon')","('Performance', 'PKcon')","('Performance', 'OG')","('Performance', 'Recov')","('Aerial Duels', 'Won')","('Aerial Duels', 'Lost')","('Aerial Duels', 'Won%')","('Season', '')"
Squad,# Pl,90s,CrdY,CrdR,2CrdY,Fls,Fld,Off,Crs,Int,TklW,PKwon,PKcon,OG,Recov,Won,Lost,Won%,,,,,,,,,,,,,,,,,,,,,
Arsenal,25,38.0,64,2,1,391,394,87,670,292,348,9,3,1,1752,503,499,50.2,2023-2024,,,,,,,,,,,,,,,,,,,,
Aston Villa,31,38.0,94,2,0,412,473,47,651,236,311,4,2,4,1619,334,363,47.9,2023-2024,,,,,,,,,,,,,,,,,,,,
Bournemouth,30,38.0,79,3,0,507,376,56,709,357,410,3,7,1,2013,582,671,46.4,2023-2024,,,,,,,,,,,,,,,,,,,,
Brentford,28,38.0,89,2,0,385,419,70,706,378,399,3,2,0,1892,632,607,51.0,2023-2024,,,,,,,,,,,,,,,,,,,,
Brighton,30,38.0,90,3,0,414,454,84,671,288,366,6,6,2,1751,406,345,54.1,2023-2024,,,,,,,,,,,,,,,,,,,,
Burnley,31,38.0,77,7,3,429,353,76,550,280,342,3,7,3,1727,561,696,44.6,2023-2024,,,,,,,,,,,,,,,,,,,,
Chelsea,32,38.0,109,4,2,446,451,85,558,298,376,11,5,3,1846,440,402,52.3,2023-2024,,,,,,,,,,,,,,,,,,,,
Crystal Palace,26,38.0,73,2,2,457,427,72,583,323,464,4,3,2,1909,553,555,49.9,2023-2024,,,,,,,,,,,,,,,,,,,,
Everton,26,38.0,82,1,1,457,361,89,752,358,442,2,8,3,1970,676,577,54.0,2023-2024,,,,,,,,,,,,,,,,,,,,
Fulham,25,38.0,84,4,3,384,364,51,736,371,384,2,8,4,1837,487,509,48.9,2023-2024,,,,,,,,,,,,,,,,,,,,
Liverpool,30,38.0,69,5,2,463,376,100,817,292,418,8,1,2,2034,583,441,56.9,2023-2024,,,,,,,,,,,,,,,,,,,,
Luton Town,28,38.0,71,0,0,443,448,67,841,325,368,2,4,4,1868,635,631,50.2,2023-2024,,,,,,,,,,,,,,,,,,,,
Manchester City,25,38.0,53,2,1,289,410,42,700,233,305,8,3,1,1734,325,288,53.0,2023-2024,,,,,,,,,,,,,,,,,,,,
Manchester Utd,31,38.0,83,1,1,401,340,91,594,313,409,6,7,1,1851,436,450,49.2,2023-2024,,,,,,,,,,,,,,,,,,,,
Newcastle Utd,32,38.0,79,1,1,386,469,59,648,285,391,9,5,1,1836,453,418,52.0,2023-2024,,,,,,,,,,,,,,,,,,,,
Nott'ham Forest,33,38.0,82,3,2,428,371,77,595,331,430,1,4,2,1807,584,557,51.2,2023-2024,,,,,,,,,,,,,,,,,,,,
Sheffield Utd,35,38.0,101,5,3,423,318,64,428,348,405,3,7,7,1637,586,694,45.8,2023-2024,,,,,,,,,,,,,,,,,,,,
Tottenham,29,38.0,92,4,2,425,510,83,710,355,451,2,7,3,1907,359,388,48.1,2023-2024,,,,,,,,,,,,,,,,,,,,
West Ham,26,38.0,82,3,3,390,392,71,661,361,426,4,10,4,1817,576,570,50.3,2023-2024,,,,,,,,,,,,,,,,,,,,
Wolves,27,38.0,102,4,2,476,405,78,578,284,430,4,8,1,1885,441,491,47.3,2023-2024,,,,,,,,,,,,,,,,,,,,
,,,,,,,,,,,,,,,,,,,,Arsenal,26.0,38.0,51.0,0.0,0.0,373.0,435.0,56.0,674.0,237.0,343.0,3.0,5.0,1.0,1984.0,486.0,559.0,46.5,2022-2023
,,,,,,,,,,,,,,,,,,,,Aston Villa,26.0,38.0,80.0,1.0,0.0,417.0,498.0,58.0,561.0,324.0,338.0,4.0,6.0,4.0,1847.0,442.0,465.0,48.7,2022-2023
,,,,,,,,,,,,,,,,,,,,Bournemouth,31.0,38.0,68.0,0.0,0.0,391.0,365.0,38.0,509.0,353.0,371.0,0.0,7.0,3.0,1942.0,521.0,539.0,49.2,2022-2023
,,,,,,,,,,,,,,,,,,,,Brentford,25.0,38.0,57.0,1.0,1.0,354.0,399.0,72.0,661.0,341.0,338.0,7.0,2.0,3.0,1959.0,664.0,617.0,51.8,2022-2023
,,,,,,,,,,,,,,,,,,,,Brighton,29.0,38.0,58.0,0.0,0.0,427.0,407.0,70.0,694.0,303.0,340.0,4.0,8.0,6.0,2013.0,444.0,387.0,53.4,2022-2023
,,,,,,,,,,,,,,,,,,,,Chelsea,32.0,38.0,81.0,3.0,2.0,397.0,462.0,74.0,693.0,341.0,445.0,3.0,1.0,3.0,2024.0,493.0,453.0,52.1,2022-2023
,,,,,,,,,,,,,,,,,,,,Crystal Palace,26.0,38.0,82.0,3.0,2.0,446.0,479.0,58.0,591.0,359.0,421.0,2.0,4.0,3.0,2093.0,496.0,578.0,46.2,2022-2023
,,,,,,,,,,,,,,,,,,,,Everton,28.0,38.0,81.0,2.0,1.0,396.0,382.0,64.0,704.0,390.0,424.0,3.0,6.0,0.0,2049.0,582.0,613.0,48.7,2022-2023
,,,,,,,,,,,,,,,,,,,,Fulham,29.0,38.0,80.0,1.0,0.0,411.0,405.0,60.0,769.0,340.0,350.0,8.0,8.0,2.0,1979.0,511.0,550.0,48.2,2022-2023
,,,,,,,,,,,,,,,,,,,,Leeds United,29.0,38.0,89.0,3.0,2.0,467.0,405.0,60.0,653.0,392.0,480.0,2.0,6.0,1.0,2206.0,586.0,607.0,49.1,2022-2023
,,,,,,,,,,,,,,,,,,,,Leicester City,28.0,38.0,63.0,2.0,2.0,410.0,397.0,83.0,496.0,367.0,412.0,5.0,5.0,5.0,2013.0,512.0,558.0,47.9,2022-2023
,,,,,,,,,,,,,,,,,,,,Liverpool,28.0,38.0,57.0,1.0,0.0,405.0,321.0,84.0,799.0,333.0,370.0,3.0,4.0,2.0,2211.0,482.0,455.0,51.4,2022-2023
,,,,,,,,,,,,,,,,,,,,Manchester City,24.0,38.0,44.0,1.0,0.0,347.0,384.0,51.0,742.0,223.0,272.0,9.0,3.0,1.0,1866.0,438.0,364.0,54.6,2022-2023
,,,,,,,,,,,,,,,,,,,,Manchester Utd,26.0,38.0,78.0,2.0,0.0,424.0,297.0,79.0,517.0,352.0,400.0,2.0,3.0,1.0,2190.0,465.0,434.0,51.7,2022-2023
,,,,,,,,,,,,,,,,,,,,Newcastle Utd,27.0,38.0,61.0,1.0,0.0,406.0,399.0,71.0,740.0,333.0,360.0,2.0,5.0,2.0,2065.0,552.0,426.0,56.4,2022-2023
,,,,,,,,,,,,,,,,,,,,Nott'ham Forest,33.0,38.0,84.0,0.0,0.0,445.0,390.0,67.0,530.0,349.0,387.0,3.0,9.0,0.0,1902.0,560.0,600.0,48.3,2022-2023
,,,,,,,,,,,,,,,,,,,,Southampton,36.0,38.0,73.0,0.0,0.0,430.0,378.0,57.0,613.0,427.0,426.0,3.0,3.0,5.0,2130.0,551.0,611.0,47.4,2022-2023
,,,,,,,,,,,,,,,,,,,,Tottenham,29.0,38.0,77.0,3.0,1.0,424.0,353.0,67.0,719.0,340.0,353.0,5.0,4.0,1.0,1984.0,549.0,474.0,53.7,2022-2023
,,,,,,,,,,,,,,,,,,,,West Ham,25.0,38.0,44.0,0.0,0.0,362.0,316.0,62.0,768.0,408.0,336.0,6.0,6.0,1.0,2023.0,620.0,587.0,51.4,2022-2023
,,,,,,,,,,,,,,,,,,,,Wolves,32.0,38.0,85.0,6.0,1.0,463.0,389.0,62.0,661.0,279.0,370.0,1.0,4.0,1.0,2052.0,465.0,542.0,46.2,2022-2023
