Unnamed: 0_level_0,Unnamed: 1_level_0,Playing Time,Playing Time.1,Playing Time.2,Playing Time.3,Performance,Performance.1,Performance.2,Performance.3,Performance.4,Performance.5,Performance.6,Performance.7,Performance.8,Performance.9,Penalty Kicks,Penalty Kicks.1,Penalty Kicks.2,Penalty Kicks.3,Penalty Kicks.4,Season,"('Unnamed: 0_level_0', 'Squad')","('Unnamed: 1_level_0', '# Pl')","('Playing Time', 'MP')","('Playing Time', 'Starts')","('Playing Time', 'Min')","('Playing Time', '90s')","('Performance', 'GA')","('Performance', 'GA90')","('Performance', 'SoTA')","('Performance', 'Saves')","('Performance', 'Save%')","('Performance', 'W')","('Performance', 'D')","('Performance', 'L')","('Performance', 'CS')","('Performance', 'CS%')","('Penalty Kicks', 'PKatt')","('Penalty Kicks', 'PKA')","('Penalty Kicks', 'PKsv')","('Penalty Kicks', 'PKm')","('Penalty Kicks', 'Save%')","('Season', '')"
Squad,# Pl,MP,Starts,Min,90s,GA,GA90,SoTA,Saves,Save%,W,D,L,CS,CS%,PKatt,PKA,PKsv,PKm,Save%,,,,,,,,,,,,,,,,,,,,,,,
Arsenal,2,38,38,3420,38.0,29,0.76,83,54,67.5,28,5,5,18,47.4,3,2,1,0,33.3,2023-2024,,,,,,,,,,,,,,,,,,,,,,
Aston Villa,2,38,38,3420,38.0,61,1.61,173,115,65.3,20,8,10,8,21.1,2,1,1,0,50.0,2023-2024,,,,,,,,,,,,,,,,,,,,,,
Bournemouth,3,38,38,3420,38.0,67,1.76,194,127,68.6,13,9,16,9,23.7,7,6,1,0,14.3,2023-2024,,,,,,,,,,,,,,,,,,,,,,
Brentford,2,38,38,3420,38.0,65,1.71,184,119,65.8,10,9,19,7,18.4,2,2,0,0,0.0,2023-2024,,,,,,,,,,,,,,,,,,,,,,
Brighton,2,38,38,3420,38.0,62,1.63,165,105,66.1,12,12,14,6,15.8,6,6,0,0,0.0,2023-2024,,,,,,,,,,,,,,,,,,,,,,
Burnley,2,38,38,3420,38.0,78,2.05,244,168,70.5,5,9,24,2,5.3,7,6,1,0,14.3,2023-2024,,,,,,,,,,,,,,,,,,,,,,
Chelsea,2,38,38,3420,38.0,63,1.66,186,125,67.7,18,9,11,8,21.1,5,3,1,1,25.0,2023-2024,,,,,,,,,,,,,,,,,,,,,,
Crystal Palace,3,38,38,3420,38.0,58,1.53,154,98,64.3,13,10,15,10,26.3,3,3,0,0,0.0,2023-2024,,,,,,,,,,,,,,,,,,,,,,
Everton,1,38,38,3420,38.0,51,1.34,165,117,73.9,13,9,16,13,34.2,8,8,0,0,0.0,2023-2024,,,,,,,,,,,,,,,,,,,,,,
Fulham,1,38,38,3420,38.0,61,1.61,190,133,72.1,13,8,17,10,26.3,8,8,0,0,0.0,2023-2024,,,,,,,,,,,,,,,,,,,,,,
Liverpool,2,38,38,3420,38.0,41,1.08,147,108,72.8,24,10,4,10,26.3,1,1,0,0,0.0,2023-2024,,,,,,,,,,,,,,,,,,,,,,
Luton Town,2,38,38,3420,38.0,85,2.24,223,142,63.7,6,8,24,2,5.3,4,4,0,0,0.0,2023-2024,,,,,,,,,,,,,,,,,,,,,,
Manchester City,2,38,38,3420,38.0,34,0.89,109,76,71.6,28,7,3,13,34.2,3,3,0,0,0.0,2023-2024,,,,,,,,,,,,,,,,,,,,,,
Manchester Utd,1,38,38,3420,38.0,58,1.53,203,146,74.9,18,6,14,9,23.7,7,7,0,0,0.0,2023-2024,,,,,,,,,,,,,,,,,,,,,,
Newcastle Utd,3,38,38,3420,38.0,62,1.63,195,133,70.3,18,6,14,10,26.3,5,4,1,0,20.0,2023-2024,,,,,,,,,,,,,,,,,,,,,,
Nott'ham Forest,3,38,38,3420,38.0,67,1.76,163,98,61.3,9,9,20,4,10.5,4,4,0,0,0.0,2023-2024,,,,,,,,,,,,,,,,,,,,,,
Sheffield Utd,2,38,38,3420,38.0,104,2.74,263,166,62.4,3,7,28,1,2.6,7,5,0,2,0.0,2023-2024,,,,,,,,,,,,,,,,,,,,,,
Tottenham,1,38,38,3420,38.0,61,1.61,167,109,67.7,20,6,12,7,18.4,7,7,0,0,0.0,2023-2024,,,,,,,,,,,,,,,,,,,,,,
West Ham,2,38,38,3420,38.0,74,1.95,241,169,72.6,14,10,14,5,13.2,10,8,2,0,20.0,2023-2024,,,,,,,,,,,,,,,,,,,,,,
Wolves,2,38,38,3420,38.0,65,1.71,203,139,71.9,13,7,18,5,13.2,8,8,0,0,0.0,2023-2024,,,,,,,,,,,,,,,,,,,,,,
,,,,,,,,,,,,,,,,,,,,,,Arsenal,1.0,38.0,38.0,3420.0,38.0,43.0,1.13,136.0,94.0,70.6,26.0,6.0,6.0,14.0,36.8,5.0,3.0,0.0,2.0,0.0,2022-2023
,,,,,,,,,,,,,,,,,,,,,,Aston Villa,2.0,38.0,38.0,3420.0,38.0,46.0,1.21,151.0,108.0,72.8,18.0,7.0,13.0,12.0,31.6,6.0,5.0,1.0,0.0,16.7,2022-2023
,,,,,,,,,,,,,,,,,,,,,,Bournemouth,2.0,38.0,38.0,3420.0,38.0,71.0,1.87,204.0,136.0,68.1,11.0,6.0,21.0,8.0,21.1,7.0,6.0,0.0,1.0,0.0,2022-2023
,,,,,,,,,,,,,,,,,,,,,,Brentford,1.0,38.0,38.0,3420.0,38.0,46.0,1.21,197.0,154.0,77.7,15.0,14.0,9.0,12.0,31.6,2.0,2.0,0.0,0.0,0.0,2022-2023
,,,,,,,,,,,,,,,,,,,,,,Brighton,2.0,38.0,38.0,3420.0,38.0,53.0,1.39,131.0,82.0,64.1,18.0,8.0,12.0,12.0,31.6,8.0,6.0,2.0,0.0,25.0,2022-2023
,,,,,,,,,,,,,,,,,,,,,,Chelsea,2.0,38.0,38.0,3420.0,38.0,47.0,1.24,159.0,115.0,71.1,11.0,11.0,16.0,10.0,26.3,1.0,1.0,0.0,0.0,0.0,2022-2023
,,,,,,,,,,,,,,,,,,,,,,Crystal Palace,3.0,38.0,38.0,3420.0,38.0,49.0,1.29,160.0,114.0,71.9,11.0,12.0,15.0,9.0,23.7,4.0,4.0,0.0,0.0,0.0,2022-2023
,,,,,,,,,,,,,,,,,,,,,,Everton,2.0,38.0,38.0,3420.0,38.0,57.0,1.5,185.0,127.0,71.9,8.0,12.0,18.0,9.0,23.7,6.0,5.0,1.0,0.0,16.7,2022-2023
,,,,,,,,,,,,,,,,,,,,,,Fulham,2.0,38.0,38.0,3420.0,38.0,53.0,1.39,196.0,144.0,76.5,15.0,7.0,16.0,9.0,23.7,8.0,7.0,1.0,0.0,12.5,2022-2023
,,,,,,,,,,,,,,,,,,,,,,Leeds United,2.0,38.0,38.0,3420.0,38.0,78.0,2.05,185.0,108.0,60.5,7.0,10.0,21.0,5.0,13.2,6.0,5.0,0.0,1.0,0.0,2022-2023
,,,,,,,,,,,,,,,,,,,,,,Leicester City,2.0,38.0,38.0,3420.0,38.0,68.0,1.79,178.0,113.0,64.0,9.0,7.0,22.0,7.0,18.4,5.0,4.0,1.0,0.0,20.0,2022-2023
,,,,,,,,,,,,,,,,,,,,,,Liverpool,2.0,38.0,38.0,3420.0,38.0,47.0,1.24,157.0,111.0,71.3,19.0,10.0,9.0,14.0,36.8,4.0,2.0,1.0,1.0,33.3,2022-2023
,,,,,,,,,,,,,,,,,,,,,,Manchester City,2.0,38.0,38.0,3420.0,38.0,33.0,0.87,92.0,60.0,67.4,28.0,5.0,5.0,13.0,34.2,3.0,3.0,0.0,0.0,0.0,2022-2023
,,,,,,,,,,,,,,,,,,,,,,Manchester Utd,1.0,38.0,38.0,3420.0,38.0,43.0,1.13,142.0,99.0,71.1,23.0,6.0,9.0,17.0,44.7,3.0,2.0,1.0,0.0,33.3,2022-2023
,,,,,,,,,,,,,,,,,,,,,,Newcastle Utd,2.0,38.0,38.0,3418.0,38.0,33.0,0.87,127.0,94.0,75.6,19.0,14.0,5.0,14.0,36.8,5.0,2.0,2.0,1.0,50.0,2022-2023
,,,,,,,,,,,,,,,,,,,,,,Nott'ham Forest,3.0,38.0,38.0,3420.0,38.0,68.0,1.79,182.0,112.0,65.9,9.0,11.0,18.0,8.0,21.1,9.0,6.0,2.0,1.0,25.0,2022-2023
,,,,,,,,,,,,,,,,,,,,,,Southampton,2.0,38.0,38.0,3420.0,38.0,73.0,1.92,150.0,81.0,52.7,6.0,7.0,25.0,4.0,10.5,3.0,2.0,1.0,0.0,33.3,2022-2023
,,,,,,,,,,,,,,,,,,,,,,Tottenham,2.0,38.0,38.0,3420.0,38.0,63.0,1.66,172.0,109.0,65.1,18.0,6.0,14.0,10.0,26.3,4.0,3.0,1.0,0.0,25.0,2022-2023
,,,,,,,,,,,,,,,,,,,,,,West Ham,2.0,38.0,38.0,3420.0,38.0,55.0,1.45,170.0,115.0,70.0,11.0,7.0,20.0,9.0,23.7,6.0,4.0,1.0,1.0,20.0,2022-2023
,,,,,,,,,,,,,,,,,,,,,,Wolves,2.0,38.0,38.0,3420.0,38.0,58.0,1.53,174.0,115.0,67.8,11.0,8.0,19.0,11.0,28.9,4.0,2.0,2.0,0.0,50.0,2022-2023
