Unnamed: 0_level_0,Unnamed: 1_level_0,Unnamed: 2_level_0,Unnamed: 3_level_0,Pass Types,Pass Types.1,Pass Types.2,Pass Types.3,Pass Types.4,Pass Types.5,Pass Types.6,Pass Types.7,Corner Kicks,Corner Kicks.1,Corner Kicks.2,Outcomes,Outcomes.1,Outcomes.2,Season,"('Unnamed: 0_level_0', 'Squad')","('Unnamed: 1_level_0', '# Pl')","('Unnamed: 2_level_0', '90s')","('Unnamed: 3_level_0', 'Att')","('Pass Types', 'Live')","('Pass Types', 'Dead')","('Pass Types', 'FK')","('Pass Types', 'TB')","('Pass Types', 'Sw')","('Pass Types', 'Crs')","('Pass Types', 'TI')","('Pass Types', 'CK')","('Corner Kicks', 'In')","('Corner Kicks', 'Out')","('Corner Kicks', 'Str')","('Outcomes', 'Cmp')","('Outcomes', 'Off')","('Outcomes', 'Blocks')","('Season', '')"
Squad,# Pl,90s,Att,Live,Dead,FK,TB,Sw,Crs,TI,CK,In,Out,Str,Cmp,Off,Blocks,,,,,,,,,,,,,,,,,,,,
Arsenal,25,38.0,22558,20941,1530,443,104,65,670,560,265,217,1,0,19094,87,319,2023-2024,,,,,,,,,,,,,,,,,,,
Aston Villa,31,38.0,19363,17499,1817,628,80,95,651,613,231,149,15,2,16133,47,343,2023-2024,,,,,,,,,,,,,,,,,,,
Bournemouth,30,38.0,15920,14065,1799,419,48,91,709,774,235,192,9,4,11899,56,361,2023-2024,,,,,,,,,,,,,,,,,,,
Brentford,28,38.0,16818,14996,1752,464,70,113,706,683,184,79,51,10,12551,70,357,2023-2024,,,,,,,,,,,,,,,,,,,
Brighton,30,38.0,25029,23334,1611,511,62,76,671,541,206,86,73,5,21810,84,327,2023-2024,,,,,,,,,,,,,,,,,,,
Burnley,31,38.0,17959,16189,1694,445,49,77,550,670,180,67,58,9,13937,76,344,2023-2024,,,,,,,,,,,,,,,,,,,
Chelsea,32,38.0,23364,21587,1692,496,116,101,558,611,202,78,55,4,20039,85,348,2023-2024,,,,,,,,,,,,,,,,,,,
Crystal Palace,26,38.0,16754,14948,1734,484,52,97,583,721,178,81,57,6,12915,72,366,2023-2024,,,,,,,,,,,,,,,,,,,
Everton,26,38.0,15514,13704,1721,409,45,78,752,768,181,140,26,3,11349,89,347,2023-2024,,,,,,,,,,,,,,,,,,,
Fulham,25,38.0,20237,18414,1772,464,58,118,736,696,212,70,98,1,16311,51,421,2023-2024,,,,,,,,,,,,,,,,,,,
Liverpool,30,38.0,24379,22490,1789,440,102,145,817,755,287,86,171,2,20376,100,371,2023-2024,,,,,,,,,,,,,,,,,,,
Luton Town,28,38.0,15099,13156,1876,498,22,111,841,703,203,93,101,5,11048,67,413,2023-2024,,,,,,,,,,,,,,,,,,,
Manchester City,25,38.0,27758,26136,1580,460,85,133,700,604,286,114,66,7,24616,42,383,2023-2024,,,,,,,,,,,,,,,,,,,
Manchester Utd,31,38.0,19538,17784,1663,371,73,99,594,643,224,70,86,10,15785,91,372,2023-2024,,,,,,,,,,,,,,,,,,,
Newcastle Utd,32,38.0,19852,18026,1767,515,85,133,648,679,192,75,60,9,16117,59,364,2023-2024,,,,,,,,,,,,,,,,,,,
Nott'ham Forest,33,38.0,15679,13975,1627,409,53,83,595,661,148,80,55,0,11877,77,315,2023-2024,,,,,,,,,,,,,,,,,,,
Sheffield Utd,35,38.0,13509,11764,1681,380,26,52,428,666,141,70,47,6,9531,64,322,2023-2024,,,,,,,,,,,,,,,,,,,
Tottenham,29,38.0,24197,22167,1947,636,91,59,710,723,234,93,70,1,20649,83,480,2023-2024,,,,,,,,,,,,,,,,,,,
West Ham,26,38.0,16373,14568,1734,429,60,158,661,721,165,93,61,0,12568,71,411,2023-2024,,,,,,,,,,,,,,,,,,,
Wolves,27,38.0,19175,17409,1688,439,49,125,578,684,156,75,41,15,15484,78,333,2023-2024,,,,,,,,,,,,,,,,,,,
,,,,,,,,,,,,,,,,,,,Arsenal,26.0,38.0,21969.0,20293.0,1620.0,516.0,86.0,97.0,674.0,615.0,223.0,154.0,8.0,3.0,18281.0,56.0,379.0,2022-2023
,,,,,,,,,,,,,,,,,,,Aston Villa,26.0,38.0,17396.0,15544.0,1794.0,599.0,54.0,101.0,561.0,684.0,162.0,97.0,19.0,4.0,13782.0,58.0,325.0,2022-2023
,,,,,,,,,,,,,,,,,,,Bournemouth,31.0,38.0,15381.0,13607.0,1736.0,424.0,48.0,87.0,509.0,706.0,144.0,88.0,25.0,9.0,11715.0,38.0,342.0,2022-2023
,,,,,,,,,,,,,,,,,,,Brentford,25.0,38.0,15551.0,13766.0,1713.0,453.0,53.0,107.0,661.0,738.0,163.0,83.0,34.0,12.0,11317.0,72.0,303.0,2022-2023
,,,,,,,,,,,,,,,,,,,Brighton,29.0,38.0,22888.0,21109.0,1709.0,445.0,81.0,130.0,694.0,693.0,233.0,102.0,88.0,2.0,19210.0,70.0,383.0,2022-2023
,,,,,,,,,,,,,,,,,,,Chelsea,32.0,38.0,22836.0,20995.0,1767.0,503.0,58.0,129.0,693.0,722.0,209.0,108.0,70.0,2.0,19147.0,74.0,371.0,2022-2023
,,,,,,,,,,,,,,,,,,,Crystal Palace,26.0,38.0,17308.0,15416.0,1834.0,525.0,41.0,118.0,591.0,763.0,186.0,84.0,60.0,5.0,13395.0,58.0,350.0,2022-2023
,,,,,,,,,,,,,,,,,,,Everton,28.0,38.0,15783.0,13984.0,1735.0,434.0,39.0,93.0,704.0,707.0,174.0,138.0,28.0,0.0,11790.0,64.0,311.0,2022-2023
,,,,,,,,,,,,,,,,,,,Fulham,29.0,38.0,18014.0,16136.0,1818.0,471.0,20.0,157.0,769.0,795.0,182.0,70.0,69.0,2.0,13974.0,60.0,393.0,2022-2023
,,,,,,,,,,,,,,,,,,,Leeds United,29.0,38.0,16924.0,14953.0,1911.0,484.0,41.0,87.0,653.0,837.0,199.0,93.0,68.0,4.0,12437.0,60.0,414.0,2022-2023
,,,,,,,,,,,,,,,,,,,Leicester City,28.0,38.0,18871.0,17049.0,1739.0,464.0,76.0,93.0,496.0,724.0,135.0,70.0,41.0,6.0,14887.0,83.0,393.0,2022-2023
,,,,,,,,,,,,,,,,,,,Liverpool,28.0,38.0,24361.0,22466.0,1811.0,416.0,103.0,198.0,799.0,860.0,235.0,56.0,155.0,1.0,20043.0,84.0,383.0,2022-2023
,,,,,,,,,,,,,,,,,,,Manchester City,24.0,38.0,26642.0,25047.0,1544.0,440.0,94.0,177.0,742.0,614.0,238.0,72.0,87.0,11.0,23263.0,51.0,350.0,2022-2023
,,,,,,,,,,,,,,,,,,,Manchester Utd,26.0,38.0,20525.0,18827.0,1619.0,325.0,105.0,165.0,517.0,715.0,196.0,71.0,47.0,4.0,16603.0,79.0,420.0,2022-2023
,,,,,,,,,,,,,,,,,,,Newcastle Utd,27.0,38.0,17837.0,16020.0,1746.0,447.0,88.0,142.0,740.0,728.0,270.0,106.0,90.0,15.0,13925.0,71.0,370.0,2022-2023
,,,,,,,,,,,,,,,,,,,Nott'ham Forest,33.0,38.0,13606.0,11801.0,1738.0,446.0,31.0,66.0,530.0,720.0,128.0,65.0,53.0,1.0,9543.0,67.0,313.0,2022-2023
,,,,,,,,,,,,,,,,,,,Southampton,36.0,38.0,16391.0,14585.0,1749.0,426.0,38.0,87.0,613.0,752.0,157.0,63.0,65.0,2.0,12319.0,57.0,375.0,2022-2023
,,,,,,,,,,,,,,,,,,,Tottenham,29.0,38.0,19672.0,17950.0,1655.0,404.0,74.0,165.0,719.0,664.0,203.0,113.0,51.0,0.0,15972.0,67.0,414.0,2022-2023
,,,,,,,,,,,,,,,,,,,West Ham,25.0,38.0,16357.0,14625.0,1670.0,347.0,41.0,162.0,768.0,722.0,206.0,129.0,57.0,1.0,12369.0,62.0,390.0,2022-2023
,,,,,,,,,,,,,,,,,,,Wolves,32.0,38.0,18294.0,16575.0,1657.0,430.0,49.0,149.0,661.0,663.0,185.0,61.0,86.0,2.0,14554.0,62.0,355.0,2022-2023
