,Rank,Player,Nation,Position,Squad,League,Age,Born,Matches Played,Starts,Minutes,90s Played,Goals Against,Goals Against/90,Shots on Target Against,Saves,Save %,Wins,Draws,Losses,Clean Sheets,Clean Sheet %,Penalty Kicks against,Penalty Kicks Allowed,Penalty Kicks Saved,Penalty Kicks Missed,Penalty Kicks Save %
0,1,Antonio Adán,ESP,GK,Betis,es La Liga,30,1987,30,30,2700.0,30.0,53.0,1.77,132.0,82.0,62.1,14.0,4.0,12.0,9.0,30.0,4.0,3.0,1.0,0.0,25.0
1,2,René Adler,GER,GK,Mainz 05,de Bundesliga,32,1985,14,14,1260.0,14.0,18.0,1.29,53.0,35.0,67.9,5.0,3.0,6.0,4.0,28.6,2.0,1.0,0.0,1.0,0.0
2,3,Adrián,ESP,GK,West Ham,eng Premier League,30,1987,19,19,1710.0,19.0,29.0,1.53,96.0,68.0,70.8,7.0,6.0,6.0,6.0,31.6,1.0,1.0,0.0,0.0,0.0
3,4,Alisson,BRA,GK,Roma,it Serie A,24,1992,37,37,3330.0,37.0,28.0,0.76,135.0,105.0,81.5,22.0,8.0,7.0,17.0,45.9,5.0,3.0,2.0,0.0,40.0
4,5,Sergio Álvarez,ESP,GK,Celta Vigo,es La Liga,30,1986,17,16,1475.0,16.4,29.0,1.77,75.0,47.0,62.7,3.0,6.0,7.0,3.0,18.8,1.0,1.0,0.0,0.0,0.0
5,6,Ibrahim Amadou,FRA,"MF,DF",Lille,fr Ligue 1,24,1993,1,0,17.0,26.7,2.0,10.59,3.0,1.0,66.7,0.0,0.0,0.0,0.0,,1.0,1.0,0.0,0.0,0.0
6,7,Jon Ander Serantes,ESP,GK,Leganés,es La Liga,27,1989,1,1,90.0,1.0,2.0,2.0,8.0,6.0,75.0,1.0,0.0,0.0,0.0,0.0,0.0,0.0,0.0,0.0,
7,8,Nícolas Andrade,BRA,GK,Hellas Verona,it Serie A,29,1988,36,36,3240.0,36.0,71.0,1.97,233.0,162.0,72.1,7.0,4.0,25.0,7.0,19.4,8.0,6.0,2.0,0.0,25.0
8,9,Miguel Ángel Moyá,ESP,GK,Real Sociedad,es La Liga,33,1984,9,9,765.0,8.5,8.0,0.94,33.0,24.0,81.8,3.0,2.0,4.0,2.0,22.2,3.0,2.0,1.0,0.0,33.3
9,10,Alphonse Areola,FRA,GK,Paris S-G,fr Ligue 1,24,1993,34,34,3060.0,34.0,25.0,0.74,102.0,77.0,76.5,26.0,6.0,2.0,17.0,50.0,3.0,1.0,1.0,1.0,50.0
10,11,Kepa Arrizabalaga,ESP,GK,Athletic Club,es La Liga,22,1994,30,30,2700.0,30.0,43.0,1.43,136.0,94.0,69.1,7.0,9.0,14.0,7.0,23.3,3.0,1.0,2.0,0.0,66.7
11,12,Sergio Asenjo,ESP,GK,Villarreal,es La Liga,28,1989,23,23,2070.0,23.0,30.0,1.3,93.0,60.0,71.0,12.0,3.0,8.0,6.0,26.1,6.0,3.0,3.0,0.0,50.0
12,13,Mariano Barbosa,ARG,GK,Villarreal,es La Liga,33,1984,13,12,1125.0,12.5,14.0,1.12,48.0,34.0,72.9,6.0,3.0,3.0,5.0,41.7,1.0,1.0,0.0,0.0,0.0
13,14,Oliver Baumann,GER,GK,Hoffenheim,de Bundesliga,27,1990,34,34,3060.0,34.0,48.0,1.41,147.0,100.0,69.4,15.0,10.0,9.0,10.0,29.4,4.0,3.0,1.0,0.0,25.0
14,15,Asmir Begović,BIH,GK,Bournemouth,eng Premier League,30,1987,38,38,3420.0,38.0,61.0,1.61,170.0,109.0,65.3,11.0,11.0,16.0,6.0,15.8,3.0,2.0,1.0,0.0,33.3
15,16,Vid Belec,SVN,GK,Benevento,it Serie A,27,1990,13,13,1113.0,12.4,27.0,2.18,74.0,49.0,67.6,2.0,0.0,11.0,1.0,7.7,3.0,3.0,0.0,0.0,0.0
16,17,Vid Belec,SVN,GK,Sampdoria,it Serie A,27,1990,2,2,180.0,2.0,5.0,2.5,15.0,10.0,73.3,0.0,0.0,2.0,0.0,0.0,1.0,1.0,0.0,0.0,0.0
17,18,Diego Benaglio,SUI,GK,Monaco,fr Ligue 1,33,1983,3,2,225.0,2.5,0.0,0.0,6.0,6.0,100.0,2.0,0.0,0.0,3.0,150.0,0.0,0.0,0.0,0.0,
18,19,Walter Benítez,ARG,GK,Nice,fr Ligue 1,24,1993,28,28,2520.0,28.0,36.0,1.29,113.0,76.0,70.8,12.0,8.0,8.0,7.0,25.0,5.0,3.0,2.0,0.0,40.0
19,20,Etrit Berisha,ALB,GK,Atalanta,it Serie A,28,1989,31,31,2790.0,31.0,34.0,1.1,99.0,64.0,66.7,13.0,10.0,8.0,8.0,25.8,2.0,1.0,1.0,0.0,50.0
20,21,Quentin Beunardeau,FRA,GK,Metz,fr Ligue 1,23,1994,1,0,38.0,0.4,2.0,4.74,4.0,2.0,50.0,0.0,0.0,0.0,0.0,,0.0,0.0,0.0,0.0,
21,22,Albano Bizzarri,ARG,GK,Udinese,it Serie A,39,1977,32,32,2880.0,32.0,52.0,1.62,143.0,92.0,65.0,11.0,4.0,17.0,8.0,25.0,5.0,2.0,2.0,1.0,50.0
22,23,Rubén Blanco,ESP,GK,Celta Vigo,es La Liga,22,1995,22,22,1941.0,21.6,31.0,1.44,86.0,55.0,67.4,10.0,4.0,8.0,4.0,18.2,4.0,3.0,0.0,1.0,0.0
23,24,Landry Bonnefoi,FRA,GK,Strasbourg,fr Ligue 1,33,1983,4,3,271.0,3.0,6.0,1.99,17.0,11.0,64.7,2.0,0.0,1.0,0.0,0.0,0.0,0.0,0.0,0.0,
24,25,Jean-Christophe Bouet,FRA,GK,Amiens,fr Ligue 1,34,1983,1,1,90.0,1.0,1.0,1.0,7.0,6.0,85.7,0.0,0.0,1.0,0.0,0.0,0.0,0.0,0.0,0.0,
25,26,Yassine Bounou,MAR,GK,Girona,es La Liga,26,1991,30,30,2655.0,29.5,46.0,1.56,139.0,94.0,69.8,13.0,6.0,11.0,9.0,30.0,5.0,4.0,0.0,1.0,0.0
26,27,Claudio Bravo,CHI,GK,Manchester City,eng Premier League,34,1983,3,2,226.0,2.5,1.0,0.4,5.0,4.0,80.0,2.0,0.0,0.0,2.0,100.0,0.0,0.0,0.0,0.0,
27,28,Alberto Brignoli,ITA,GK,Benevento,it Serie A,25,1991,13,11,1126.0,12.5,31.0,2.48,70.0,39.0,58.6,1.0,2.0,8.0,1.0,9.1,4.0,2.0,0.0,2.0,0.0
28,29,Gianluigi Buffon,ITA,GK,Juventus,it Serie A,39,1978,21,21,1862.0,20.7,14.0,0.68,56.0,43.0,80.4,17.0,2.0,2.0,11.0,52.4,4.0,3.0,1.0,0.0,25.0
29,30,Roman Bürki,SUI,GK,Dortmund,de Bundesliga,26,1990,33,33,2969.0,33.0,43.0,1.3,145.0,102.0,72.4,15.0,9.0,9.0,12.0,36.4,3.0,3.0,0.0,0.0,0.0
30,31,Ludovic Butelle,FRA,GK,Angers,fr Ligue 1,34,1983,19,19,1653.0,18.4,22.0,1.2,68.0,48.0,72.1,6.0,5.0,8.0,4.0,21.1,3.0,3.0,0.0,0.0,0.0
31,32,Jack Butland,ENG,GK,Stoke City,eng Premier League,24,1993,35,35,3150.0,35.0,61.0,1.74,201.0,142.0,72.1,7.0,11.0,17.0,6.0,17.1,5.0,5.0,0.0,0.0,0.0
32,33,Willy Caballero,ARG,GK,Chelsea,eng Premier League,35,1981,3,3,270.0,3.0,4.0,1.33,11.0,7.0,63.6,1.0,1.0,1.0,1.0,33.3,0.0,0.0,0.0,0.0,
33,34,Yoan Cardinale,FRA,GK,Nice,fr Ligue 1,23,1994,10,10,900.0,10.0,16.0,1.6,41.0,26.0,61.0,3.0,1.0,6.0,3.0,30.0,0.0,0.0,0.0,0.0,
34,35,Kiko Casilla,ESP,GK,Real Madrid,es La Liga,30,1986,10,10,900.0,10.0,11.0,1.1,29.0,19.0,62.1,6.0,2.0,2.0,3.0,30.0,0.0,0.0,0.0,0.0,
35,36,Koen Casteels,BEL,GK,Wolfsburg,de Bundesliga,25,1992,34,34,3060.0,34.0,48.0,1.41,153.0,104.0,72.5,6.0,15.0,13.0,8.0,23.5,9.0,6.0,3.0,0.0,33.3
36,37,Petr Čech,CZE,GK,Arsenal,eng Premier League,35,1982,34,34,3039.0,33.8,48.0,1.42,135.0,85.0,68.1,16.0,6.0,12.0,11.0,32.4,6.0,5.0,1.0,0.0,16.7
37,38,Nereo Champagne,ARG,GK,Leganés,es La Liga,32,1985,2,2,180.0,2.0,6.0,3.0,9.0,3.0,44.4,0.0,0.0,2.0,0.0,0.0,1.0,1.0,0.0,0.0,0.0
38,39,Leandro Chichizola,ARG,GK,Las Palmas,es La Liga,27,1990,27,27,2430.0,27.0,47.0,1.74,149.0,103.0,70.5,4.0,5.0,18.0,4.0,14.8,3.0,3.0,0.0,0.0,0.0
39,40,Jasper Cillessen,NED,GK,Barcelona,es La Liga,28,1989,1,1,90.0,1.0,1.0,1.0,7.0,6.0,85.7,1.0,0.0,0.0,0.0,0.0,0.0,0.0,0.0,0.0,
40,41,Andrea Consigli,ITA,GK,Sassuolo,it Serie A,30,1987,37,37,3316.0,36.8,58.0,1.57,172.0,114.0,67.4,11.0,10.0,16.0,10.0,27.0,3.0,2.0,1.0,0.0,33.3
41,42,Alex Cordaz,ITA,GK,Crotone,it Serie A,34,1983,38,38,3420.0,38.0,66.0,1.74,200.0,133.0,70.0,9.0,8.0,21.0,5.0,13.2,8.0,6.0,1.0,1.0,14.3
42,43,Angelo da Costa Júnior,BRA,GK,Bologna,it Serie A,33,1983,4,4,360.0,4.0,5.0,1.25,17.0,12.0,76.5,1.0,0.0,3.0,1.0,25.0,1.0,1.0,0.0,0.0,0.0
43,44,Benoît Costil,FRA,GK,Bordeaux,fr Ligue 1,30,1987,36,36,3240.0,36.0,45.0,1.25,123.0,75.0,66.7,16.0,7.0,13.0,10.0,27.8,8.0,4.0,4.0,0.0,50.0
44,45,Thibaut Courtois,BEL,GK,Chelsea,eng Premier League,25,1992,35,35,3150.0,35.0,34.0,0.97,106.0,74.0,69.8,20.0,6.0,9.0,15.0,42.9,2.0,2.0,0.0,0.0,0.0
45,46,Alessio Cragno,ITA,GK,Cagliari,it Serie A,23,1994,29,29,2536.0,28.2,47.0,1.67,130.0,82.0,68.5,7.0,5.0,17.0,7.0,24.1,10.0,6.0,2.0,2.0,25.0
46,47,Luca Crosta,ITA,GK,Cagliari,it Serie A,19,1998,1,1,90.0,1.0,3.0,3.0,3.0,0.0,33.3,0.0,0.0,1.0,0.0,0.0,1.0,1.0,0.0,0.0,0.0
47,48,Iván Cuéllar,ESP,GK,Leganés,es La Liga,33,1984,35,35,3150.0,35.0,43.0,1.23,139.0,95.0,72.7,11.0,7.0,17.0,14.0,40.0,6.0,5.0,1.0,0.0,16.7
48,49,Karl Darlow,WAL,GK,Newcastle Utd,eng Premier League,26,1990,10,10,900.0,10.0,15.0,1.5,47.0,34.0,74.5,1.0,5.0,4.0,2.0,20.0,3.0,3.0,0.0,0.0,0.0
49,50,Abdoulaye Diallo,SEN,GK,Rennes,fr Ligue 1,25,1992,3,3,270.0,3.0,5.0,1.67,15.0,10.0,73.3,0.0,2.0,1.0,0.0,0.0,1.0,1.0,0.0,0.0,0.0
50,51,Thomas Didillon,FRA,GK,Metz,fr Ligue 1,21,1995,9,9,810.0,9.0,14.0,1.56,35.0,22.0,68.6,1.0,1.0,7.0,2.0,22.2,3.0,3.0,0.0,0.0,0.0
51,52,Marko Dmitrović,SRB,GK,Eibar,es La Liga,25,1992,36,36,3240.0,36.0,49.0,1.36,124.0,78.0,63.7,13.0,8.0,15.0,10.0,27.8,4.0,4.0,0.0,0.0,0.0
52,53,Jaume Doménech,ESP,GK,Valencia,es La Liga,26,1990,5,5,450.0,5.0,5.0,1.0,21.0,16.0,76.2,4.0,0.0,1.0,2.0,40.0,0.0,0.0,0.0,0.0,
53,54,Gianluigi Donnarumma,ITA,GK,Milan,it Serie A,18,1999,38,38,3420.0,38.0,42.0,1.11,132.0,91.0,69.7,18.0,10.0,10.0,12.0,31.6,3.0,2.0,0.0,1.0,0.0
54,55,Bartłomiej Drągowski,POL,GK,Fiorentina,it Serie A,19,1997,3,1,217.0,2.4,8.0,3.32,17.0,9.0,52.9,0.0,0.0,1.0,0.0,0.0,0.0,0.0,0.0,0.0,
55,56,Martin Dúbravka,SVK,GK,Newcastle Utd,eng Premier League,28,1989,12,12,1080.0,12.0,11.0,0.92,37.0,25.0,70.3,6.0,1.0,5.0,4.0,33.3,1.0,0.0,1.0,0.0,100.0
56,57,Maxime Dupé,FRA,GK,Nantes,fr Ligue 1,24,1993,1,1,90.0,1.0,3.0,3.0,5.0,2.0,60.0,0.0,0.0,1.0,0.0,0.0,1.0,1.0,0.0,0.0,0.0
57,58,Ederson,BRA,GK,Manchester City,eng Premier League,23,1993,36,36,3194.0,35.5,26.0,0.73,80.0,54.0,67.5,30.0,4.0,2.0,16.0,44.4,2.0,0.0,2.0,0.0,100.0
58,59,Rob Elliot,IRL,GK,Newcastle Utd,eng Premier League,31,1986,16,16,1440.0,16.0,21.0,1.31,64.0,43.0,68.8,5.0,2.0,9.0,3.0,18.8,2.0,1.0,1.0,0.0,50.0
59,60,Michael Esser,GER,GK,Hannover 96,de Bundesliga,29,1987,3,3,270.0,3.0,9.0,3.0,20.0,11.0,55.0,1.0,0.0,2.0,0.0,0.0,1.0,0.0,0.0,1.0,
60,61,Łukasz Fabiański,POL,GK,Swansea City,eng Premier League,32,1985,38,38,3420.0,38.0,56.0,1.47,190.0,133.0,72.1,8.0,9.0,21.0,9.0,23.7,6.0,3.0,3.0,0.0,50.0
61,62,Ralf Fährmann,GER,GK,Schalke 04,de Bundesliga,28,1988,34,34,3015.0,33.5,37.0,1.1,127.0,89.0,73.2,18.0,9.0,7.0,12.0,35.3,6.0,3.0,2.0,1.0,40.0
62,63,Andrés Fernández,ESP,GK,Villarreal,es La Liga,30,1986,3,3,225.0,2.5,6.0,2.4,16.0,10.0,68.8,0.0,1.0,2.0,0.0,0.0,1.0,1.0,0.0,0.0,0.0
63,64,Raúl Fernández,ESP,GK,Levante,es La Liga,29,1988,11,11,990.0,11.0,15.0,1.36,53.0,38.0,71.7,2.0,6.0,3.0,3.0,27.3,0.0,0.0,0.0,0.0,
64,65,Fraser Forster,ENG,GK,Southampton,eng Premier League,29,1988,20,20,1800.0,20.0,30.0,1.5,97.0,66.0,69.1,4.0,7.0,9.0,4.0,20.0,1.0,0.0,1.0,0.0,100.0
65,66,Ben Foster,ENG,GK,West Brom,eng Premier League,34,1983,37,37,3330.0,37.0,55.0,1.49,151.0,98.0,64.2,6.0,12.0,19.0,10.0,27.0,1.0,1.0,0.0,0.0,0.0
66,67,Paulo Gazzaniga,ARG,GK,Tottenham,eng Premier League,25,1992,1,1,90.0,1.0,0.0,0.0,3.0,3.0,100.0,1.0,0.0,0.0,1.0,100.0,0.0,0.0,0.0,0.0,
67,68,David de Gea,ESP,GK,Manchester Utd,eng Premier League,26,1990,37,37,3330.0,37.0,28.0,0.76,140.0,114.0,80.7,24.0,6.0,7.0,18.0,48.6,1.0,1.0,0.0,0.0,0.0
68,69,Rafał Gikiewicz,POL,GK,Freiburg,de Bundesliga,29,1987,2,1,154.0,1.7,3.0,1.75,7.0,4.0,57.1,0.0,1.0,0.0,0.0,0.0,0.0,0.0,0.0,0.0,
69,70,Dani Giménez,ESP,GK,Betis,es La Liga,34,1983,4,4,309.0,3.4,0.0,0.0,8.0,8.0,100.0,3.0,1.0,0.0,3.0,75.0,0.0,0.0,0.0,0.0,
70,71,Pierluigi Gollini,ITA,GK,Atalanta,it Serie A,22,1995,7,7,622.0,6.9,4.0,0.58,17.0,13.0,76.5,3.0,2.0,2.0,3.0,42.9,0.0,0.0,0.0,0.0,
71,72,Heurelho Gomes,BRA,GK,Watford,eng Premier League,36,1981,24,24,2128.0,23.6,40.0,1.69,100.0,61.0,63.0,7.0,5.0,12.0,5.0,20.8,3.0,3.0,0.0,0.0,0.0
72,73,Alfred Gomis,SEN,GK,SPAL,it Serie A,23,1993,26,25,2261.0,25.1,43.0,1.71,140.0,98.0,73.6,6.0,7.0,12.0,3.0,12.0,7.0,6.0,1.0,0.0,14.3
73,74,Mathieu Gorgelin,FRA,GK,Lyon,fr Ligue 1,26,1990,4,4,360.0,4.0,6.0,1.5,13.0,7.0,53.8,2.0,1.0,1.0,1.0,25.0,0.0,0.0,0.0,0.0,
74,75,Lee Grant,ENG,GK,Stoke City,eng Premier League,34,1983,3,3,270.0,3.0,7.0,2.33,15.0,8.0,53.3,0.0,1.0,2.0,0.0,0.0,0.0,0.0,0.0,0.0,
75,76,Vicente Guaita,ESP,GK,Getafe,es La Liga,30,1987,33,33,2970.0,33.0,26.0,0.79,111.0,84.0,77.5,13.0,9.0,11.0,12.0,36.4,3.0,1.0,1.0,1.0,50.0
76,77,Péter Gulácsi,HUN,GK,RB Leipzig,de Bundesliga,27,1990,33,33,2970.0,33.0,52.0,1.58,147.0,95.0,68.0,15.0,8.0,10.0,6.0,18.2,5.0,5.0,0.0,0.0,0.0
77,78,Régis Gurtner,FRA,GK,Amiens,fr Ligue 1,30,1986,37,37,3330.0,37.0,41.0,1.11,171.0,130.0,78.4,12.0,9.0,16.0,11.0,29.7,4.0,4.0,0.0,0.0,0.0
78,79,Ben Hamer,ENG,GK,Leicester City,eng Premier League,29,1987,4,3,275.0,3.1,7.0,2.29,13.0,6.0,53.8,0.0,1.0,2.0,1.0,33.3,1.0,1.0,0.0,0.0,0.0
79,80,Samir Handanović,SVN,GK,Inter,it Serie A,33,1984,38,38,3420.0,38.0,30.0,0.79,117.0,91.0,76.1,20.0,12.0,6.0,17.0,44.7,2.0,2.0,0.0,0.0,0.0
80,81,Joe Hart,ENG,GK,West Ham,eng Premier League,30,1987,19,19,1710.0,19.0,39.0,2.05,91.0,51.0,61.5,3.0,6.0,10.0,4.0,21.1,5.0,4.0,1.0,0.0,20.0
81,82,Tom Heaton,ENG,GK,Burnley,eng Premier League,31,1986,4,4,305.0,3.4,4.0,1.18,12.0,8.0,66.7,2.0,1.0,1.0,0.0,0.0,0.0,0.0,0.0,0.0,
82,83,Wayne Hennessey,WAL,GK,Crystal Palace,eng Premier League,30,1987,27,27,2430.0,27.0,41.0,1.52,127.0,88.0,68.5,8.0,6.0,13.0,7.0,25.9,1.0,1.0,0.0,0.0,0.0
83,84,Iago Herrerín,ESP,GK,Athletic Club,es La Liga,29,1988,8,8,720.0,8.0,6.0,0.75,30.0,23.0,86.7,3.0,4.0,1.0,4.0,50.0,3.0,2.0,1.0,0.0,33.3
84,85,Marwin Hitz,SUI,GK,Augsburg,de Bundesliga,29,1987,32,32,2880.0,32.0,42.0,1.31,159.0,116.0,74.2,10.0,10.0,12.0,9.0,28.1,2.0,1.0,1.0,0.0,50.0
85,86,Timo Horn,GER,GK,Köln,de Bundesliga,24,1993,34,34,3060.0,34.0,70.0,2.06,201.0,130.0,69.2,5.0,7.0,22.0,5.0,14.7,9.0,8.0,1.0,0.0,11.1
86,87,Lukáš Hrádecký,FIN,GK,Eint Frankfurt,de Bundesliga,27,1989,34,34,3060.0,34.0,45.0,1.32,133.0,90.0,67.7,14.0,7.0,13.0,7.0,20.6,3.0,2.0,0.0,1.0,0.0
87,88,Gorka Iraizoz,ESP,GK,Girona,es La Liga,36,1981,9,8,765.0,8.5,13.0,1.53,36.0,25.0,63.9,1.0,3.0,4.0,2.0,25.0,0.0,0.0,0.0,0.0,
88,89,Eldin Jakupović,SUI,GK,Leicester City,eng Premier League,32,1984,2,2,180.0,2.0,6.0,3.0,13.0,8.0,53.8,1.0,0.0,1.0,0.0,0.0,0.0,0.0,0.0,0.0,
89,90,Rune Jarstein,NOR,GK,Hertha BSC,de Bundesliga,32,1984,31,31,2790.0,31.0,44.0,1.42,140.0,97.0,72.1,10.0,10.0,11.0,7.0,22.6,6.0,5.0,0.0,1.0,0.0
90,91,Karl-Johan Johnsson,SWE,GK,Guingamp,fr Ligue 1,27,1990,38,38,3420.0,38.0,59.0,1.55,171.0,111.0,68.4,12.0,11.0,15.0,11.0,28.9,7.0,5.0,2.0,0.0,28.6
91,92,Bingourou Kamara,SEN,GK,Strasbourg,fr Ligue 1,20,1996,19,19,1692.0,18.8,32.0,1.7,86.0,54.0,65.1,4.0,6.0,9.0,2.0,10.5,2.0,2.0,0.0,0.0,0.0
92,93,Loris Karius,GER,GK,Liverpool,eng Premier League,24,1993,19,19,1710.0,19.0,14.0,0.74,45.0,30.0,73.3,11.0,5.0,3.0,10.0,52.6,3.0,2.0,1.0,0.0,33.3
93,94,Orestis Karnezis,GRE,GK,Watford,eng Premier League,32,1985,15,14,1292.0,14.4,24.0,1.67,56.0,32.0,62.5,4.0,3.0,7.0,4.0,28.6,3.0,3.0,0.0,0.0,0.0
94,95,Eiji Kawashima,JPN,GK,Metz,fr Ligue 1,34,1983,29,29,2569.0,28.5,60.0,2.1,167.0,106.0,64.1,5.0,7.0,17.0,2.0,6.9,2.0,0.0,2.0,0.0,100.0
95,96,Hervé Koffi,BFA,GK,Lille,fr Ligue 1,20,1996,4,4,360.0,4.0,11.0,2.75,20.0,10.0,50.0,0.0,1.0,3.0,0.0,0.0,1.0,1.0,0.0,0.0,0.0
96,97,Tomáš Koubek,CZE,GK,Rennes,fr Ligue 1,24,1992,34,34,3060.0,34.0,36.0,1.06,127.0,91.0,73.2,16.0,8.0,10.0,10.0,29.4,5.0,2.0,2.0,1.0,50.0
97,98,Maksym Koval,UKR,GK,La Coruña,es La Liga,24,1992,2,2,121.0,1.3,3.0,2.23,5.0,2.0,40.0,,1.0,1.0,,,,,,,
98,99,Thomas Kraft,GER,GK,Hertha BSC,de Bundesliga,29,1988,3,3,270.0,3.0,2.0,0.67,14.0,12.0,92.9,0.0,3.0,0.0,1.0,33.3,1.0,1.0,0.0,0.0,0.0
99,100,Alban Lafont,FRA,GK,Toulouse,fr Ligue 1,18,1999,38,38,3420.0,38.0,54.0,1.42,158.0,106.0,69.6,9.0,10.0,19.0,12.0,31.6,6.0,6.0,0.0,0.0,0.0
100,101,Eugenio Lamanna,ITA,GK,Genoa,it Serie A,27,1989,1,1,90.0,1.0,1.0,1.0,3.0,2.0,66.7,0.0,0.0,1.0,0.0,0.0,0.0,0.0,0.0,0.0,
101,102,Benjamin Lecomte,FRA,GK,Montpellier,fr Ligue 1,26,1991,38,38,3420.0,38.0,33.0,0.87,117.0,84.0,76.1,11.0,18.0,9.0,14.0,36.8,6.0,5.0,0.0,1.0,0.0
102,103,Bernd Leno,GER,GK,Leverkusen,de Bundesliga,25,1992,33,33,2970.0,33.0,40.0,1.21,110.0,70.0,68.2,15.0,10.0,8.0,10.0,30.3,5.0,5.0,0.0,0.0,0.0
103,104,Alexandre Letellier,FRA,GK,Angers,fr Ligue 1,26,1990,13,13,1170.0,13.0,17.0,1.31,44.0,28.0,65.9,2.0,7.0,4.0,1.0,7.7,2.0,2.0,0.0,0.0,0.0
104,105,Raúl Lizoain,ESP,GK,Las Palmas,es La Liga,26,1991,11,11,990.0,11.0,27.0,2.45,66.0,39.0,62.1,1.0,2.0,8.0,1.0,9.1,2.0,2.0,0.0,0.0,0.0
105,106,Hugo Lloris,FRA,GK,Tottenham,eng Premier League,30,1986,36,36,3240.0,36.0,35.0,0.97,117.0,82.0,71.8,22.0,7.0,7.0,15.0,41.7,3.0,2.0,0.0,1.0,0.0
106,107,Anthony Lopes,POR,GK,Lyon,fr Ligue 1,26,1990,34,34,3060.0,34.0,37.0,1.09,137.0,101.0,76.6,21.0,8.0,5.0,14.0,41.2,8.0,5.0,2.0,1.0,28.6
107,108,Diego López,ESP,GK,Espanyol,es La Liga,35,1981,10,10,854.0,9.5,11.0,1.16,40.0,30.0,75.0,3.0,5.0,2.0,3.0,30.0,2.0,1.0,1.0,0.0,50.0
108,109,Pau López,ESP,GK,Espanyol,es La Liga,22,1994,29,28,2566.0,28.5,31.0,1.09,124.0,92.0,77.4,9.0,8.0,11.0,9.0,32.1,4.0,3.0,1.0,0.0,25.0
109,110,Pedro López,ESP,GK,Betis,es La Liga,22,1995,5,4,411.0,4.6,8.0,1.75,16.0,8.0,50.0,1.0,1.0,2.0,1.0,25.0,0.0,0.0,0.0,0.0,
110,111,Jonas Lössl,DEN,GK,Huddersfield,eng Premier League,28,1989,38,38,3420.0,38.0,58.0,1.53,158.0,99.0,65.8,9.0,10.0,19.0,10.0,26.3,6.0,4.0,2.0,0.0,33.3
111,112,Andreas Luthe,GER,GK,Augsburg,de Bundesliga,30,1987,2,2,180.0,2.0,4.0,2.0,7.0,3.0,57.1,0.0,1.0,1.0,0.0,0.0,1.0,1.0,0.0,0.0,0.0
112,113,Raïs M'Bolhi,ALG,GK,Rennes,fr Ligue 1,31,1986,1,1,90.0,1.0,3.0,3.0,6.0,3.0,83.3,0.0,0.0,1.0,0.0,0.0,2.0,2.0,0.0,0.0,0.0
113,114,Mike Maignan,FRA,GK,Lille,fr Ligue 1,22,1995,34,34,3032.0,33.7,53.0,1.57,160.0,107.0,68.8,10.0,7.0,17.0,5.0,14.7,5.0,3.0,2.0,0.0,40.0
114,115,Steve Mandanda,FRA,GK,Marseille,fr Ligue 1,32,1985,31,31,2706.0,30.0,37.0,1.23,114.0,77.0,70.2,18.0,9.0,4.0,11.0,35.5,5.0,3.0,1.0,1.0,25.0
115,116,Gabriele Marchegiani,ITA,GK,SPAL,it Serie A,21,1996,1,0,1.0,0.0,0.0,0.0,0.0,0.0,,0.0,0.0,0.0,0.0,,0.0,0.0,0.0,0.0,
116,117,Emiliano Martínez,ARG,GK,Getafe,es La Liga,24,1992,5,5,450.0,5.0,7.0,1.4,19.0,12.0,68.4,2.0,1.0,2.0,2.0,40.0,1.0,1.0,0.0,0.0,0.0
117,118,Christian Mathenia,GER,GK,Hamburger SV,de Bundesliga,25,1992,24,24,2160.0,24.0,38.0,1.58,95.0,58.0,63.2,4.0,6.0,14.0,6.0,25.0,4.0,3.0,0.0,1.0,0.0
118,119,Alex McCarthy,ENG,GK,Southampton,eng Premier League,27,1989,18,18,1620.0,18.0,26.0,1.44,68.0,42.0,63.2,3.0,8.0,7.0,4.0,22.2,1.0,1.0,0.0,0.0,0.0
119,120,Brais Méndez,ESP,"MF,FW",Celta Vigo,es La Liga,20,1997,1,0,,10.5,,,,,,,,,,,,,,,
120,121,Alex Meret,ITA,GK,SPAL,it Serie A,20,1997,13,13,1158.0,12.9,16.0,1.24,60.0,44.0,78.3,2.0,7.0,4.0,4.0,30.8,5.0,3.0,2.0,0.0,40.0
121,122,Mathieu Michel,FRA,GK,Angers,fr Ligue 1,25,1991,7,6,597.0,6.6,13.0,1.96,26.0,14.0,57.7,1.0,2.0,3.0,1.0,16.7,2.0,2.0,0.0,0.0,0.0
122,123,Simon Mignolet,BEL,GK,Liverpool,eng Premier League,29,1988,19,19,1710.0,19.0,24.0,1.26,59.0,34.0,62.7,10.0,7.0,2.0,7.0,36.8,3.0,2.0,1.0,0.0,33.3
123,124,Vanja Milinković-Savić,SRB,GK,Torino,it Serie A,20,1997,1,1,90.0,1.0,1.0,1.0,2.0,1.0,50.0,1.0,0.0,0.0,0.0,0.0,0.0,0.0,0.0,0.0,
124,125,Antonio Mirante,ITA,GK,Bologna,it Serie A,34,1983,33,33,2970.0,33.0,46.0,1.39,144.0,101.0,69.4,10.0,5.0,18.0,7.0,21.2,3.0,2.0,0.0,1.0,0.0
125,126,Jessy Moulin,FRA,GK,Saint-Étienne,fr Ligue 1,31,1986,4,3,304.0,3.4,6.0,1.78,29.0,23.0,82.8,1.0,0.0,2.0,1.0,33.3,1.0,1.0,0.0,0.0,0.0
126,127,Florian Müller,GER,GK,Mainz 05,de Bundesliga,19,1997,5,5,450.0,5.0,7.0,1.4,21.0,13.0,66.7,1.0,1.0,3.0,1.0,20.0,1.0,0.0,1.0,0.0,100.0
127,128,Yvon Mvogo,SUI,GK,RB Leipzig,de Bundesliga,23,1994,1,1,90.0,1.0,1.0,1.0,4.0,3.0,75.0,0.0,0.0,1.0,0.0,0.0,0.0,0.0,0.0,0.0,
128,129,Boaz Myhill,WAL,GK,West Brom,eng Premier League,34,1982,1,1,90.0,1.0,1.0,1.0,3.0,2.0,66.7,0.0,1.0,0.0,0.0,0.0,0.0,0.0,0.0,0.0,
129,130,Keylor Navas,CRC,GK,Real Madrid,es La Liga,30,1986,27,27,2430.0,27.0,31.0,1.15,111.0,79.0,73.9,16.0,7.0,4.0,7.0,25.9,4.0,2.0,2.0,0.0,50.0
130,131,Neto,BRA,GK,Valencia,es La Liga,28,1989,33,33,2970.0,33.0,33.0,1.0,143.0,108.0,79.0,18.0,7.0,8.0,10.0,30.3,5.0,3.0,2.0,0.0,40.0
131,132,Manuel Neuer,GER,GK,Bayern Munich,de Bundesliga,31,1986,3,3,270.0,3.0,2.0,0.67,7.0,5.0,71.4,2.0,0.0,1.0,2.0,66.7,0.0,0.0,0.0,0.0,
132,133,Alexander Nübel,GER,GK,Schalke 04,de Bundesliga,20,1996,1,0,45.0,0.5,0.0,0.0,2.0,2.0,100.0,0.0,0.0,0.0,1.0,,0.0,0.0,0.0,0.0,
133,134,Jan Oblak,SVN,GK,Atlético Madrid,es La Liga,24,1993,37,37,3330.0,37.0,22.0,0.59,126.0,102.0,83.3,22.0,10.0,5.0,22.0,59.5,4.0,1.0,3.0,0.0,75.0
134,135,Oier Olazábal,ESP,GK,Levante,es La Liga,27,1989,26,26,2340.0,26.0,39.0,1.5,122.0,85.0,72.1,9.0,7.0,10.0,7.0,26.9,6.0,5.0,0.0,1.0,0.0
135,136,David Ospina,COL,GK,Arsenal,eng Premier League,28,1988,5,4,381.0,4.2,3.0,0.71,12.0,9.0,75.0,3.0,0.0,1.0,2.0,50.0,0.0,0.0,0.0,0.0,
136,137,Alexandre Oukidja,ALG,GK,Strasbourg,fr Ligue 1,29,1988,17,16,1457.0,16.2,29.0,1.79,71.0,41.0,64.8,3.0,5.0,8.0,2.0,12.5,5.0,4.0,1.0,0.0,20.0
137,138,Ramazan Özcan,AUT,GK,Leverkusen,de Bundesliga,33,1984,1,1,90.0,1.0,4.0,4.0,8.0,3.0,50.0,0.0,0.0,1.0,0.0,0.0,1.0,0.0,1.0,0.0,100.0
138,139,Fernando Pacheco,ESP,GK,Alavés,es La Liga,25,1992,38,37,3357.0,37.3,50.0,1.34,171.0,121.0,74.9,15.0,2.0,20.0,12.0,32.4,10.0,7.0,2.0,1.0,22.2
139,140,Costel Pantilimon,ROU,GK,La Coruña,es La Liga,30,1987,6,6,540.0,6.0,9.0,1.5,26.0,18.0,69.2,3.0,0.0,3.0,1.0,16.7,1.0,1.0,0.0,0.0,0.0
140,141,Jiří Pavlenka,CZE,GK,Werder Bremen,de Bundesliga,25,1992,34,34,3060.0,34.0,40.0,1.18,162.0,123.0,76.5,10.0,12.0,12.0,8.0,23.5,4.0,2.0,1.0,1.0,33.3
141,142,Gianluca Pegolo,ITA,GK,Sassuolo,it Serie A,36,1981,2,1,104.0,1.2,1.0,0.87,6.0,6.0,83.3,0.0,0.0,1.0,0.0,0.0,0.0,0.0,0.0,0.0,
142,143,Yohann Pelé,FRA,GK,Marseille,fr Ligue 1,34,1982,9,7,714.0,8.2,10.0,1.26,27.0,18.0,66.7,4.0,2.0,1.0,3.0,42.9,1.0,1.0,0.0,0.0,0.0
143,144,Mattia Perin,ITA,GK,Genoa,it Serie A,24,1992,37,37,3330.0,37.0,42.0,1.14,167.0,127.0,77.2,11.0,8.0,18.0,12.0,32.4,4.0,4.0,0.0,0.0,0.0
144,145,Jordan Pickford,ENG,GK,Everton,eng Premier League,23,1994,38,38,3420.0,38.0,58.0,1.53,178.0,119.0,69.1,13.0,10.0,15.0,10.0,26.3,5.0,3.0,1.0,1.0,25.0
145,146,Carlo Pinsoglio,ITA,GK,Juventus,it Serie A,27,1990,1,0,28.0,0.3,1.0,3.21,2.0,1.0,50.0,0.0,0.0,0.0,0.0,,0.0,0.0,0.0,0.0,
146,147,Julian Pollersbeck,GER,GK,Hamburger SV,de Bundesliga,22,1994,10,10,900.0,10.0,15.0,1.5,47.0,32.0,68.1,4.0,1.0,5.0,1.0,10.0,0.0,0.0,0.0,0.0,
147,148,Nick Pope,ENG,GK,Burnley,eng Premier League,25,1992,35,34,3115.0,34.6,35.0,1.01,148.0,113.0,78.4,12.0,11.0,11.0,12.0,35.3,5.0,3.0,1.0,1.0,25.0
148,149,Nicolas de Préville,FRA,"FW,MF",Lille,fr Ligue 1,26,1991,1,0,11.0,3.2,1.0,8.18,2.0,1.0,50.0,0.0,0.0,0.0,0.0,,0.0,0.0,0.0,0.0,
149,150,Andrés Prieto,ESP,GK,Málaga,es La Liga,23,1993,4,4,360.0,4.0,10.0,2.5,20.0,10.0,60.0,0.0,0.0,4.0,0.0,0.0,2.0,2.0,0.0,0.0,0.0
150,151,Jérôme Prior,FRA,GK,Bordeaux,fr Ligue 1,21,1995,2,2,180.0,2.0,3.0,1.5,9.0,6.0,66.7,0.0,0.0,2.0,0.0,0.0,0.0,0.0,0.0,0.0,
151,152,Christian Puggioni,ITA,GK,Benevento,it Serie A,36,1981,14,14,1179.0,13.1,26.0,1.98,65.0,39.0,67.7,3.0,1.0,10.0,2.0,14.3,6.0,5.0,0.0,1.0,0.0
152,153,Christian Puggioni,ITA,GK,Sampdoria,it Serie A,36,1981,9,9,810.0,9.0,12.0,1.33,53.0,41.0,83.0,5.0,2.0,2.0,3.0,33.3,3.0,3.0,0.0,0.0,0.0
153,154,Rafael,BRA,GK,Cagliari,it Serie A,35,1982,10,8,794.0,8.8,11.0,1.25,39.0,28.0,74.4,4.0,1.0,3.0,1.0,12.5,1.0,1.0,0.0,0.0,0.0
154,155,Toño Ramírez,ESP,GK,Real Sociedad,es La Liga,30,1986,4,3,315.0,3.5,6.0,1.71,11.0,5.0,45.5,1.0,0.0,2.0,2.0,66.7,0.0,0.0,0.0,0.0,
155,156,Pepe Reina,ESP,GK,Napoli,it Serie A,34,1982,37,37,3330.0,37.0,29.0,0.78,97.0,68.0,72.2,28.0,6.0,3.0,18.0,48.6,2.0,2.0,0.0,0.0,0.0
156,157,Baptiste Reynet,FRA,GK,Dijon,fr Ligue 1,26,1990,38,38,3420.0,38.0,73.0,1.92,201.0,128.0,69.2,13.0,9.0,16.0,5.0,13.2,14.0,11.0,3.0,0.0,21.4
157,158,Sergio Rico,ESP,GK,Sevilla,es La Liga,23,1993,24,23,2155.0,24.0,39.0,1.63,92.0,52.0,60.9,10.0,3.0,10.0,9.0,39.1,5.0,3.0,1.0,1.0,25.0
158,159,Asier Riesgo,ESP,GK,Eibar,es La Liga,33,1983,1,1,90.0,1.0,1.0,1.0,5.0,4.0,80.0,1.0,0.0,0.0,0.0,0.0,0.0,0.0,0.0,0.0,
159,160,Roberto,ESP,GK,Málaga,es La Liga,31,1986,34,34,3060.0,34.0,51.0,1.5,150.0,98.0,68.7,5.0,5.0,24.0,6.0,17.6,5.0,4.0,1.0,0.0,20.0
160,161,Sergio Romero,ARG,GK,Manchester Utd,eng Premier League,30,1987,1,1,90.0,1.0,0.0,0.0,3.0,3.0,100.0,1.0,0.0,0.0,1.0,100.0,0.0,0.0,0.0,0.0,
161,162,Francesco Rossi,ITA,GK,Atalanta,it Serie A,26,1991,1,0,8.0,0.1,1.0,11.25,2.0,1.0,50.0,0.0,0.0,0.0,0.0,,0.0,0.0,0.0,0.0,
162,163,Rubén,ESP,GK,La Coruña,es La Liga,33,1984,28,27,2477.0,27.5,58.0,2.11,134.0,77.0,58.2,3.0,9.0,15.0,4.0,14.8,3.0,2.0,1.0,0.0,33.3
163,164,Stéphane Ruffier,FRA,GK,Saint-Étienne,fr Ligue 1,30,1986,35,35,3112.0,34.6,44.0,1.27,150.0,106.0,74.0,14.0,10.0,11.0,12.0,34.3,6.0,5.0,1.0,0.0,16.7
164,165,Gerónimo Rulli,ARG,GK,Real Sociedad,es La Liga,25,1992,26,26,2340.0,26.0,45.0,1.73,105.0,61.0,61.0,10.0,5.0,11.0,6.0,23.1,5.0,4.0,1.0,0.0,20.0
165,166,Mathew Ryan,AUS,GK,Brighton,eng Premier League,25,1992,38,38,3420.0,38.0,54.0,1.42,172.0,121.0,69.2,9.0,13.0,16.0,10.0,26.3,3.0,1.0,2.0,0.0,66.7
166,167,Mamadou Samassa,MLI,GK,Troyes,fr Ligue 1,27,1990,21,21,1890.0,21.0,31.0,1.48,101.0,70.0,71.3,6.0,3.0,12.0,5.0,23.8,3.0,2.0,1.0,0.0,33.3
167,168,Brice Samba,FRA,GK,Caen,fr Ligue 1,23,1994,4,3,315.0,3.5,4.0,1.14,19.0,15.0,84.2,1.0,1.0,1.0,2.0,66.7,1.0,1.0,0.0,0.0,0.0
168,169,Antonio Santurro,DOM,GK,Bologna,it Serie A,25,1992,1,1,90.0,1.0,1.0,1.0,5.0,4.0,80.0,0.0,1.0,0.0,0.0,0.0,0.0,0.0,0.0,0.0,
169,170,Kasper Schmeichel,DEN,GK,Leicester City,eng Premier League,30,1986,33,33,2965.0,32.9,47.0,1.43,138.0,90.0,66.7,11.0,10.0,12.0,8.0,24.2,3.0,1.0,2.0,0.0,66.7
170,171,Alexander Schwolow,GER,GK,Freiburg,de Bundesliga,25,1992,33,33,2906.0,32.3,53.0,1.64,151.0,102.0,67.5,8.0,11.0,14.0,9.0,27.3,5.0,4.0,0.0,1.0,0.0
171,172,Simone Scuffet,ITA,GK,Udinese,it Serie A,21,1996,6,6,540.0,6.0,11.0,1.83,27.0,16.0,59.3,1.0,0.0,5.0,1.0,16.7,1.0,0.0,1.0,0.0,100.0
172,173,Luigi Sepe,ITA,GK,Napoli,it Serie A,26,1991,1,1,90.0,1.0,0.0,0.0,1.0,1.0,100.0,0.0,1.0,0.0,1.0,100.0,0.0,0.0,0.0,0.0,
173,174,Marco Silvestri,ITA,GK,Hellas Verona,it Serie A,26,1991,2,2,180.0,2.0,7.0,3.5,25.0,18.0,72.0,0.0,0.0,2.0,0.0,0.0,0.0,0.0,0.0,0.0,
174,175,Tobias Sippel,GER,GK,Gladbach,de Bundesliga,29,1988,5,4,435.0,4.8,10.0,2.07,23.0,13.0,56.5,1.0,0.0,3.0,1.0,25.0,0.0,0.0,0.0,0.0,
175,176,Salvatore Sirigu,ITA,GK,Torino,it Serie A,30,1987,37,37,3330.0,37.0,45.0,1.22,158.0,110.0,74.7,12.0,15.0,10.0,10.0,27.0,8.0,5.0,3.0,0.0,37.5
176,177,Antonio Sivera,ESP,GK,Alavés,es La Liga,20,1996,1,1,63.0,0.7,,,1.0,1.0,,,,1.0,,,,,,,
177,178,Łukasz Skorupski,POL,GK,Roma,it Serie A,26,1991,1,1,90.0,1.0,0.0,0.0,3.0,3.0,100.0,1.0,0.0,0.0,1.0,100.0,0.0,0.0,0.0,0.0,
178,179,Yann Sommer,SUI,GK,Gladbach,de Bundesliga,28,1988,30,30,2625.0,29.2,42.0,1.44,151.0,110.0,74.8,12.0,8.0,10.0,6.0,20.0,4.0,4.0,0.0,0.0,0.0
179,180,David Soria,ESP,GK,Sevilla,es La Liga,24,1993,15,15,1265.0,14.0,19.0,1.35,58.0,40.0,70.7,7.0,4.0,4.0,5.0,33.3,3.0,2.0,0.0,1.0,0.0
180,181,Stefano Sorrentino,ITA,GK,Chievo,it Serie A,38,1979,38,38,3420.0,38.0,59.0,1.55,187.0,129.0,70.6,10.0,10.0,18.0,7.0,18.4,7.0,4.0,3.0,0.0,42.9
181,182,Julián Speroni,ARG,GK,Crystal Palace,eng Premier League,38,1979,11,11,990.0,11.0,14.0,1.27,43.0,29.0,69.8,3.0,5.0,3.0,2.0,18.2,1.0,1.0,0.0,0.0,0.0
182,183,Marco Sportiello,ITA,GK,Fiorentina,it Serie A,25,1992,37,37,3202.0,35.6,38.0,1.07,131.0,92.0,72.5,16.0,9.0,12.0,14.0,37.8,3.0,2.0,1.0,0.0,33.3
183,184,Tom Starke,GER,GK,Bayern Munich,de Bundesliga,36,1981,2,2,180.0,2.0,0.0,0.0,4.0,4.0,100.0,2.0,0.0,0.0,2.0,100.0,0.0,0.0,0.0,0.0,
184,185,Thomas Strakosha,ALB,GK,Lazio,it Serie A,22,1995,38,38,3420.0,38.0,49.0,1.29,159.0,111.0,74.8,21.0,9.0,8.0,11.0,28.9,10.0,9.0,1.0,0.0,10.0
185,186,Danijel Subašić,CRO,GK,Monaco,fr Ligue 1,32,1984,34,34,2940.0,32.7,41.0,1.26,125.0,85.0,70.4,21.0,8.0,5.0,10.0,29.4,4.0,4.0,0.0,0.0,0.0
186,187,Seydou Sy,SEN,GK,Monaco,fr Ligue 1,21,1995,3,2,255.0,2.8,4.0,1.41,16.0,12.0,81.3,1.0,0.0,1.0,1.0,50.0,1.0,1.0,0.0,0.0,0.0
187,188,Wojciech Szczęsny,POL,GK,Juventus,it Serie A,27,1990,17,17,1530.0,17.0,9.0,0.53,33.0,24.0,72.7,13.0,3.0,1.0,11.0,64.7,0.0,0.0,0.0,0.0,
188,189,Ciprian Tătărușanu,ROU,GK,Nantes,fr Ligue 1,31,1986,37,37,3330.0,37.0,38.0,1.03,133.0,96.0,72.9,14.0,10.0,13.0,12.0,32.4,3.0,2.0,0.0,1.0,0.0
189,190,Marc-André ter Stegen,GER,GK,Barcelona,es La Liga,25,1992,37,37,3330.0,37.0,28.0,0.76,126.0,98.0,79.4,27.0,9.0,1.0,19.0,51.4,2.0,2.0,0.0,0.0,0.0
190,191,Kevin Trapp,GER,GK,Paris S-G,fr Ligue 1,27,1990,4,4,360.0,4.0,4.0,1.0,17.0,13.0,88.2,3.0,0.0,1.0,1.0,25.0,2.0,2.0,0.0,0.0,0.0
191,192,Philipp Tschauner,GER,GK,Hannover 96,de Bundesliga,31,1985,31,31,2790.0,31.0,45.0,1.45,158.0,113.0,72.8,9.0,9.0,13.0,5.0,16.1,3.0,2.0,0.0,1.0,0.0
192,193,Przemysław Tytoń,POL,GK,La Coruña,es La Liga,30,1987,2,1,97.0,1.1,4.0,3.71,5.0,1.0,20.0,0.0,0.0,1.0,0.0,0.0,0.0,0.0,0.0,0.0,
193,194,Sven Ulreich,GER,GK,Bayern Munich,de Bundesliga,28,1988,29,29,2610.0,29.0,26.0,0.9,84.0,58.0,70.2,23.0,3.0,3.0,12.0,41.4,4.0,1.0,3.0,0.0,75.0
194,195,Francis Uzoho,NGA,GK,La Coruña,es La Liga,18,1998,2,2,180.0,2.0,2.0,1.0,9.0,7.0,88.9,0.0,1.0,1.0,1.0,50.0,1.0,1.0,0.0,0.0,0.0
195,196,Koke Vegas,ESP,GK,Levante,es La Liga,21,1995,1,1,90.0,1.0,4.0,4.0,8.0,4.0,50.0,0.0,0.0,1.0,0.0,0.0,0.0,0.0,0.0,0.0,
196,197,Rémy Vercoutre,FRA,GK,Caen,fr Ligue 1,37,1980,35,35,3103.0,34.5,48.0,1.39,132.0,88.0,66.7,9.0,7.0,19.0,11.0,31.4,4.0,4.0,0.0,0.0,0.0
197,198,Emiliano Viviano,ITA,GK,Sampdoria,it Serie A,31,1985,27,27,2430.0,27.0,43.0,1.59,132.0,87.0,68.9,11.0,4.0,12.0,6.0,22.2,6.0,2.0,4.0,0.0,66.7
198,199,Michel Vorm,NED,GK,Tottenham,eng Premier League,33,1983,1,1,90.0,1.0,1.0,1.0,4.0,4.0,75.0,0.0,1.0,0.0,0.0,0.0,0.0,0.0,0.0,0.0,
199,200,Roman Weidenfeller,GER,GK,Dortmund,de Bundesliga,36,1980,2,1,91.0,1.0,4.0,3.96,7.0,3.0,42.9,0.0,1.0,0.0,0.0,0.0,0.0,0.0,0.0,0.0,
200,201,Axel Werner,ARG,GK,Atlético Madrid,es La Liga,21,1996,1,1,90.0,1.0,0.0,0.0,3.0,3.0,100.0,1.0,0.0,0.0,1.0,100.0,0.0,0.0,0.0,0.0,
201,202,Yoel,ESP,GK,Eibar,es La Liga,28,1988,1,1,90.0,1.0,0.0,0.0,5.0,5.0,100.0,0.0,1.0,0.0,1.0,100.0,0.0,0.0,0.0,0.0,
202,203,Erwin Zelazny,FRA,GK,Troyes,fr Ligue 1,25,1991,17,17,1530.0,17.0,28.0,1.65,92.0,64.0,71.7,3.0,3.0,11.0,3.0,17.6,2.0,2.0,0.0,0.0,0.0
203,204,Robin Zentner,GER,GK,Mainz 05,de Bundesliga,22,1994,15,15,1350.0,15.0,27.0,1.8,70.0,44.0,67.1,3.0,5.0,7.0,2.0,13.3,4.0,4.0,0.0,0.0,0.0
204,205,Luca Zidane,FRA,GK,Real Madrid,es La Liga,19,1998,1,1,90.0,1.0,2.0,2.0,4.0,2.0,50.0,0.0,1.0,0.0,0.0,0.0,0.0,0.0,0.0,0.0,
205,206,Ron-Robert Zieler,GER,GK,Stuttgart,de Bundesliga,28,1989,34,34,3060.0,34.0,36.0,1.06,155.0,117.0,79.4,15.0,6.0,13.0,12.0,35.3,6.0,4.0,2.0,0.0,33.3
