,Rank,Player,Nation,Position,Squad,League,Age,Born,Matches Played,Starts,Minutes,90s Played,Goals Against,Goals Against/90,Shots on Target Against,Saves,Save %,Wins,Draws,Losses,Clean Sheets,Clean Sheet %,Penalty Kicks against,Penalty Kicks Allowed,Penalty Kicks Saved,Penalty Kicks Missed,Penalty Kicks Save %
0,1,Antonio Adán,ESP,GK,Atlético Madrid,es La Liga,32,1987,1,0,25,0.3,0.0,0.0,1.0,1.0,100.0,0.0,0.0,0,0.0,,0.0,0.0,0.0,0.0,
1,2,Adrián,ESP,GK,Liverpool,eng Premier League,32,1987,11,9,875,9.7,10.0,1.03,27.0,17.0,63.0,9.0,0.0,0,2.0,22.2,0.0,0.0,0.0,0.0,
2,3,Rúnar Alex Rúnarsson,ISL,GK,Dijon,fr Ligue 1,24,1995,11,9,900,10.0,17.0,1.7,47.0,31.0,63.8,1.0,2.0,6,0.0,0.0,0.0,0.0,0.0,0.0,
3,4,Enrico Alfonso,ITA,GK,Brescia,it Serie A,31,1988,4,4,279,3.1,4.0,1.29,11.0,7.0,63.6,1.0,0.0,3,1.0,25.0,0.0,0.0,0.0,0.0,
4,5,Alisson,BRA,GK,Liverpool,eng Premier League,26,1992,29,29,2543,28.3,23.0,0.81,80.0,58.0,72.5,23.0,3.0,3,13.0,44.8,1.0,1.0,0.0,0.0,0.0
5,6,Sergio Álvarez,ESP,GK,Celta Vigo,es La Liga,32,1986,4,4,180,2.0,1.0,0.5,3.0,2.0,66.7,1.0,1.0,0,1.0,25.0,0.0,0.0,0.0,0.0,
6,7,Lorenzo Andrenacci,ITA,GK,Brescia,it Serie A,24,1995,6,5,531,5.9,16.0,2.71,44.0,28.0,63.6,0.0,1.0,4,0.0,0.0,1.0,0.0,0.0,1.0,
7,8,Miguel Ángel Moyá,ESP,GK,Real Sociedad,es La Liga,35,1984,13,13,1170,13.0,16.0,1.23,51.0,36.0,68.6,5.0,4.0,4,3.0,23.1,1.0,0.0,0.0,1.0,
8,9,Alphonse Areola,FRA,GK,Real Madrid,es La Liga,26,1993,4,4,360,4.0,5.0,1.25,14.0,9.0,78.6,3.0,1.0,0,1.0,25.0,2.0,2.0,0.0,0.0,0.0
9,10,Alphonse Areola,FRA,GK,Paris S-G,fr Ligue 1,26,1993,3,3,270,3.0,2.0,0.67,3.0,1.0,33.3,2.0,0.0,1,2.0,66.7,0.0,0.0,0.0,0.0,
10,11,Kepa Arrizabalaga,ESP,GK,Chelsea,eng Premier League,24,1994,33,33,2970,33.0,47.0,1.42,99.0,54.0,54.5,18.0,4.0,11,8.0,24.2,2.0,2.0,0.0,0.0,0.0
11,12,Sergio Asenjo,ESP,GK,Villarreal,es La Liga,30,1989,34,34,3060,34.0,41.0,1.21,145.0,104.0,75.2,17.0,4.0,13,11.0,32.4,6.0,5.0,1.0,0.0,16.7
12,13,Emil Audero,IDN,GK,Sampdoria,it Serie A,22,1997,36,36,3240,36.0,60.0,1.67,165.0,109.0,67.9,12.0,5.0,19,9.0,25.0,8.0,7.0,0.0,1.0,0.0
13,14,Stefan Bajic,FRA,GK,Saint-Étienne,fr Ligue 1,17,2001,1,1,90,1.0,1.0,1.0,2.0,1.0,50.0,0.0,0.0,1,0.0,0.0,0.0,0.0,0.0,0.0,
14,15,Oliver Baumann,GER,GK,Hoffenheim,de Bundesliga,29,1990,30,30,2700,30.0,49.0,1.63,146.0,97.0,69.9,13.0,7.0,10,7.0,23.3,7.0,5.0,2.0,0.0,28.6
15,16,Asmir Begović,BIH,GK,Milan,it Serie A,32,1987,2,1,129,1.4,3.0,2.09,7.0,4.0,71.4,0.0,0.0,1,0.0,0.0,1.0,1.0,0.0,0.0,0.0
16,17,Walter Benítez,ARG,GK,Nice,fr Ligue 1,26,1993,26,26,2340,26.0,36.0,1.38,130.0,95.0,75.4,9.0,8.0,9,4.0,15.4,6.0,4.0,1.0,1.0,20.0
17,18,Etrit Berisha,ALB,GK,SPAL,it Serie A,30,1989,26,26,2340,26.0,44.0,1.69,147.0,105.0,74.1,5.0,3.0,18,3.0,11.5,6.0,6.0,0.0,0.0,0.0
18,19,Paul Bernardoni,FRA,GK,Nîmes,fr Ligue 1,22,1997,25,25,2204,24.5,38.0,1.55,108.0,71.0,68.5,7.0,4.0,14,6.0,24.0,4.0,4.0,0.0,0.0,0.0
19,20,Dimitry Bertaud,COD,GK,Montpellier,fr Ligue 1,21,1998,3,3,196,2.2,3.0,1.38,5.0,2.0,40.0,0.0,0.0,3,0.0,0.0,0.0,0.0,0.0,0.0,
20,21,Rubén Blanco,ESP,GK,Celta Vigo,es La Liga,24,1995,33,33,2960,32.9,43.0,1.31,135.0,92.0,71.9,6.0,14.0,13,10.0,30.3,5.0,5.0,0.0,0.0,0.0
21,22,Yassine Bounou,MAR,GK,Sevilla,es La Liga,28,1991,6,5,495,5.5,3.0,0.55,20.0,17.0,90.0,4.0,1.0,0,4.0,80.0,1.0,1.0,0.0,0.0,0.0
22,23,Federico Brancolini,ITA,GK,Fiorentina,it Serie A,18,2001,1,0,6,0.1,0.0,0.0,0.0,0.0,,0.0,0.0,0,1.0,,0.0,0.0,0.0,0.0,
23,24,Claudio Bravo,CHI,GK,Manchester City,eng Premier League,36,1983,4,3,347,3.9,7.0,1.82,15.0,8.0,53.3,2.0,0.0,1,1.0,33.3,0.0,0.0,0.0,0.0,
24,25,Gianluigi Buffon,ITA,GK,Juventus,it Serie A,41,1978,9,9,810,9.0,10.0,1.11,33.0,23.0,72.7,7.0,1.0,1,1.0,11.1,2.0,1.0,0.0,1.0,0.0
25,26,Roman Bürki,SUI,GK,Dortmund,de Bundesliga,28,1990,31,31,2770,30.8,40.0,1.3,95.0,58.0,61.1,19.0,5.0,7,12.0,38.7,3.0,3.0,0.0,0.0,0.0
26,27,Ludovic Butelle,FRA,GK,Angers,fr Ligue 1,36,1983,26,26,2340,26.0,32.0,1.23,83.0,51.0,65.1,10.0,6.0,10,11.0,42.3,3.0,3.0,0.0,0.0,0.0
27,28,Marcin Bułka,POL,GK,Paris S-G,fr Ligue 1,19,1999,1,1,90,1.0,0.0,0.0,2.0,2.0,100.0,1.0,0.0,0,1.0,100.0,0.0,0.0,0.0,0.0,
28,29,Willy Caballero,ARG,GK,Chelsea,eng Premier League,37,1981,5,5,450,5.0,7.0,1.4,16.0,10.0,56.3,2.0,2.0,1,1.0,20.0,0.0,0.0,0.0,0.0,
29,30,Matis Carvalho,POR,GK,Montpellier,fr Ligue 1,20,1999,1,0,71,0.8,4.0,5.07,8.0,5.0,50.0,0.0,0.0,0,0.0,,0.0,0.0,0.0,0.0,
30,31,Koen Casteels,BEL,GK,Wolfsburg,de Bundesliga,27,1992,26,26,2340,26.0,38.0,1.46,105.0,67.0,67.6,11.0,6.0,9,5.0,19.2,4.0,4.0,0.0,0.0,0.0
31,32,Churripi,ESP,GK,Valladolid,es La Liga,25,1994,3,3,244,2.7,3.0,1.11,13.0,10.0,76.9,1.0,0.0,2,1.0,33.3,0.0,0.0,0.0,0.0,
32,33,Jasper Cillessen,NED,GK,Valencia,es La Liga,30,1989,24,24,2096,23.3,30.0,1.29,109.0,78.0,78.0,10.0,7.0,7,5.0,20.8,8.0,6.0,2.0,0.0,25.0
33,34,Yannis Clementia,MTQ,GK,Nice,fr Ligue 1,22,1997,2,2,180,2.0,2.0,1.0,7.0,5.0,85.7,2.0,0.0,0,0.0,0.0,1.0,1.0,0.0,0.0,0.0
34,35,Simone Colombi,ITA,GK,Parma,it Serie A,28,1991,4,4,360,4.0,4.0,1.0,19.0,15.0,84.2,1.0,1.0,2,1.0,25.0,2.0,1.0,0.0,1.0,0.0
35,36,Andrea Consigli,ITA,GK,Sassuolo,it Serie A,32,1987,31,31,2790,31.0,55.0,1.77,145.0,92.0,66.9,12.0,5.0,14,5.0,16.1,8.0,7.0,1.0,0.0,12.5
36,37,Angelo da Costa Júnior,BRA,GK,Bologna,it Serie A,35,1983,1,1,90,1.0,1.0,1.0,2.0,1.0,50.0,0.0,1.0,0,0.0,0.0,0.0,0.0,0.0,0.0,
37,38,Benoît Costil,FRA,GK,Bordeaux,fr Ligue 1,32,1987,28,28,2520,28.0,34.0,1.21,108.0,74.0,70.4,9.0,10.0,9,6.0,21.4,3.0,2.0,1.0,0.0,33.3
38,39,Thibaut Courtois,BEL,GK,Real Madrid,es La Liga,27,1992,34,34,3060,34.0,20.0,0.59,96.0,76.0,79.2,23.0,8.0,3,18.0,52.9,0.0,0.0,0.0,0.0,
39,40,Alessio Cragno,ITA,GK,Cagliari,it Serie A,25,1994,16,16,1440,16.0,21.0,1.31,89.0,68.0,77.5,2.0,6.0,8,3.0,18.8,2.0,1.0,1.0,0.0,50.0
40,41,Iván Cuéllar,ESP,GK,Leganés,es La Liga,35,1984,27,27,2429,27.0,33.0,1.22,99.0,65.0,67.7,7.0,9.0,11,7.0,25.9,2.0,1.0,1.0,0.0,50.0
41,42,Paul Delecroix,FRA,GK,Metz,fr Ligue 1,30,1988,2,1,135,1.5,4.0,2.67,6.0,2.0,50.0,0.0,0.0,1,0.0,0.0,1.0,1.0,0.0,0.0,0.0
42,43,Lucas Dias,FRA,GK,Nîmes,fr Ligue 1,20,1999,4,3,316,3.5,6.0,1.71,19.0,13.0,68.4,0.0,2.0,1,1.0,33.3,0.0,0.0,0.0,0.0,
43,44,Marko Dmitrović,SRB,GK,Eibar,es La Liga,27,1992,35,35,3150,35.0,51.0,1.46,122.0,71.0,61.5,9.0,9.0,17,10.0,28.6,5.0,4.0,1.0,0.0,20.0
44,45,Jaume Doménech,ESP,GK,Valencia,es La Liga,28,1990,15,14,1324,14.7,23.0,1.56,81.0,58.0,72.8,4.0,4.0,6,3.0,21.4,1.0,1.0,0.0,0.0,0.0
45,46,Gianluigi Donnarumma,ITA,GK,Milan,it Serie A,20,1999,36,36,3201,35.6,42.0,1.18,141.0,96.0,73.0,18.0,9.0,9,12.0,33.3,8.0,4.0,4.0,0.0,50.0
46,47,Bartłomiej Drągowski,POL,GK,Fiorentina,it Serie A,21,1997,31,31,2790,31.0,43.0,1.39,139.0,94.0,73.4,7.0,12.0,12,8.0,25.8,8.0,6.0,2.0,0.0,25.0
47,48,Martin Dúbravka,SVK,GK,Newcastle Utd,eng Premier League,30,1989,38,38,3420,38.0,58.0,1.53,195.0,139.0,71.3,11.0,11.0,16,11.0,28.9,2.0,2.0,0.0,0.0,0.0
48,49,Ederson,BRA,GK,Manchester City,eng Premier League,25,1993,35,35,3071,34.1,28.0,0.82,95.0,68.0,73.7,24.0,3.0,8,16.0,45.7,3.0,3.0,0.0,0.0,0.0
49,50,Aarón Escandell,ESP,GK,Granada,es La Liga,23,1995,3,3,270,3.0,3.0,1.0,14.0,11.0,78.6,1.0,0.0,2,1.0,33.3,0.0,0.0,0.0,0.0,
50,51,Łukasz Fabiański,POL,GK,West Ham,eng Premier League,34,1985,25,25,2117,23.5,34.0,1.45,104.0,71.0,70.2,8.0,7.0,10,5.0,20.0,4.0,3.0,1.0,0.0,25.0
51,52,Fabricio,ESP,GK,Mallorca,es La Liga,31,1987,2,2,90,1.0,3.0,3.0,6.0,3.0,66.7,0.0,0.0,1,0.0,0.0,1.0,1.0,0.0,0.0,0.0
52,53,Ralf Fährmann,GER,GK,Norwich City,eng Premier League,30,1988,1,1,21,0.2,1.0,4.29,2.0,1.0,100.0,,,1,,,,1.0,,,
53,54,Wladimiro Falcone,ITA,GK,Sampdoria,it Serie A,24,1995,2,2,180,2.0,5.0,2.5,13.0,8.0,69.2,0.0,1.0,1,0.0,0.0,1.0,1.0,0.0,0.0,0.0
54,55,Aitor Fernández,ESP,GK,Levante,es La Liga,28,1991,36,36,3240,36.0,51.0,1.42,205.0,153.0,76.6,12.0,7.0,17,5.0,13.9,5.0,3.0,2.0,0.0,40.0
55,56,Andrés Fernández,ESP,GK,Villarreal,es La Liga,32,1986,4,4,360,4.0,8.0,2.0,19.0,12.0,73.7,1.0,2.0,1,1.0,25.0,3.0,3.0,0.0,0.0,0.0
56,57,Mark Flekken,NED,GK,Freiburg,de Bundesliga,26,1993,10,10,900,10.0,14.0,1.4,69.0,55.0,79.7,4.0,3.0,3,3.0,30.0,1.0,0.0,0.0,1.0,
57,58,Ben Foster,ENG,GK,Watford,eng Premier League,36,1983,38,38,3420,38.0,64.0,1.68,178.0,116.0,68.5,8.0,10.0,20,9.0,23.7,9.0,8.0,1.0,0.0,11.1
58,59,Daniel Fuzato,BRA,GK,Roma,it Serie A,22,1997,1,1,90,1.0,1.0,1.0,2.0,1.0,50.0,1.0,0.0,0,0.0,0.0,0.0,0.0,0.0,0.0,
59,60,Gabriel,BRA,GK,Lecce,it Serie A,26,1992,34,34,2997,33.3,76.0,2.28,227.0,152.0,70.9,6.0,8.0,20,2.0,5.9,12.0,10.0,2.0,0.0,16.7
60,61,Paulo Gazzaniga,ARG,GK,Tottenham,eng Premier League,27,1992,18,17,1613,17.9,26.0,1.45,82.0,56.0,72.0,5.0,5.0,7,2.0,11.8,4.0,3.0,1.0,0.0,25.0
61,62,David de Gea,ESP,GK,Manchester Utd,eng Premier League,28,1990,38,38,3420,38.0,36.0,0.95,131.0,96.0,74.8,18.0,12.0,8,13.0,34.2,3.0,3.0,0.0,0.0,0.0
62,63,Rafał Gikiewicz,POL,GK,Union Berlin,de Bundesliga,31,1987,33,33,2970,33.0,54.0,1.64,159.0,105.0,67.9,12.0,5.0,16,8.0,24.2,4.0,3.0,1.0,0.0,25.0
63,64,Mauro Goicoechea,URU,GK,Toulouse,fr Ligue 1,31,1988,2,2,180,2.0,5.0,2.5,13.0,8.0,61.5,0.0,0.0,2,0.0,0.0,0.0,0.0,0.0,0.0,
64,65,Pierluigi Gollini,ITA,GK,Atalanta,it Serie A,24,1995,33,33,2884,32.0,42.0,1.31,120.0,81.0,70.0,19.0,9.0,5,8.0,24.2,6.0,6.0,0.0,0.0,0.0
65,66,Alfred Gomis,SEN,GK,Dijon,fr Ligue 1,25,1993,19,19,1620,18.0,20.0,1.11,81.0,62.0,76.5,6.0,7.0,6,6.0,31.6,1.0,1.0,0.0,0.0,0.0
66,67,Vicente Guaita,ESP,GK,Crystal Palace,eng Premier League,32,1987,35,35,3150,35.0,42.0,1.2,149.0,109.0,71.8,11.0,9.0,15,10.0,28.6,1.0,0.0,0.0,1.0,
67,68,Péter Gulácsi,HUN,GK,RB Leipzig,de Bundesliga,29,1990,32,32,2880,32.0,34.0,1.06,116.0,82.0,72.4,16.0,12.0,4,10.0,31.3,2.0,2.0,0.0,0.0,0.0
68,69,Angus Gunn,SCO,GK,Southampton,eng Premier League,23,1996,10,10,900,10.0,25.0,2.5,55.0,30.0,58.2,2.0,2.0,6,2.0,20.0,2.0,2.0,0.0,0.0,0.0
69,70,Régis Gurtner,FRA,GK,Amiens,fr Ligue 1,32,1986,28,28,2520,28.0,50.0,1.79,142.0,93.0,65.5,4.0,11.0,13,5.0,17.9,1.0,1.0,0.0,0.0,0.0
70,71,Samir Handanović,SVN,GK,Inter,it Serie A,35,1984,35,35,3150,35.0,32.0,0.91,110.0,78.0,72.7,22.0,10.0,3,13.0,37.1,3.0,2.0,1.0,0.0,33.3
71,72,Tom Heaton,ENG,GK,Aston Villa,eng Premier League,33,1986,20,20,1794,19.9,35.0,1.76,102.0,68.0,68.6,6.0,3.0,11,4.0,20.0,3.0,3.0,0.0,0.0,0.0
72,73,Dean Henderson,ENG,GK,Sheffield Utd,eng Premier League,22,1997,36,36,3240,36.0,33.0,0.92,128.0,94.0,75.0,14.0,11.0,11,13.0,36.1,3.0,1.0,1.0,1.0,50.0
73,74,Wayne Hennessey,WAL,GK,Crystal Palace,eng Premier League,32,1987,3,3,270,3.0,8.0,2.67,23.0,15.0,65.2,0.0,1.0,2,0.0,0.0,0.0,0.0,0.0,0.0,
74,75,Sergio Herrera,ESP,GK,Osasuna,es La Liga,26,1993,19,18,1655,18.4,27.0,1.47,80.0,53.0,67.5,7.0,3.0,8,7.0,38.9,1.0,1.0,0.0,0.0,0.0
75,76,Iago Herrerín,ESP,GK,Athletic Club,es La Liga,31,1988,5,4,425,4.7,9.0,1.91,19.0,10.0,52.6,0.0,3.0,1,0.0,0.0,0.0,0.0,0.0,0.0,
76,77,Marwin Hitz,SUI,GK,Dortmund,de Bundesliga,31,1987,4,3,290,3.2,1.0,0.31,7.0,6.0,85.7,2.0,1.0,0,3.0,100.0,0.0,0.0,0.0,0.0,
77,78,Timo Horn,GER,GK,Köln,de Bundesliga,26,1993,34,34,3060,34.0,69.0,2.03,156.0,87.0,58.3,10.0,6.0,18,6.0,17.6,6.0,4.0,2.0,0.0,33.3
78,79,Lukáš Hrádecký,FIN,GK,Leverkusen,de Bundesliga,29,1989,34,34,3060,34.0,44.0,1.29,143.0,99.0,70.6,19.0,6.0,9,10.0,29.4,2.0,2.0,0.0,0.0,0.0
79,80,Jannik Huth,GER,GK,Paderborn 07,de Bundesliga,25,1994,6,6,540,6.0,17.0,2.83,33.0,16.0,51.5,0.0,1.0,5,0.0,0.0,1.0,1.0,0.0,0.0,0.0
80,81,Rune Jarstein,NOR,GK,Hertha BSC,de Bundesliga,34,1984,29,29,2547,28.3,46.0,1.63,143.0,99.0,72.7,11.0,5.0,13,9.0,31.0,7.0,7.0,0.0,0.0,0.0
81,82,Jesse Joronen,FIN,GK,Brescia,it Serie A,26,1993,29,29,2610,29.0,59.0,2.03,181.0,124.0,72.4,5.0,6.0,18,5.0,17.2,10.0,9.0,1.0,0.0,10.0
82,83,Lovre Kalinić,CRO,GK,Toulouse,fr Ligue 1,29,1990,4,4,306,3.4,4.0,1.18,15.0,11.0,73.3,0.0,1.0,3,1.0,25.0,0.0,0.0,0.0,0.0,
83,84,Stefanos Kapino,GRE,GK,Werder Bremen,de Bundesliga,25,1994,1,1,90,1.0,2.0,2.0,5.0,3.0,60.0,0.0,1.0,0,0.0,0.0,0.0,0.0,0.0,0.0,
84,85,Florian Kastenmeier,GER,GK,Düsseldorf,de Bundesliga,22,1997,17,17,1530,17.0,31.0,1.82,78.0,49.0,62.8,2.0,9.0,6,2.0,11.8,3.0,2.0,1.0,0.0,33.3
85,86,Tomáš Koubek,CZE,GK,Augsburg,de Bundesliga,26,1992,24,24,2160,24.0,51.0,2.12,122.0,72.0,58.2,6.0,6.0,12,4.0,16.7,1.0,0.0,1.0,0.0,100.0
86,87,Thomas Kraft,GER,GK,Hertha BSC,de Bundesliga,31,1988,4,4,360,4.0,9.0,2.25,19.0,10.0,52.6,0.0,3.0,1,0.0,0.0,0.0,0.0,0.0,0.0,
87,88,Tim Krul,NED,GK,Norwich City,eng Premier League,31,1988,36,36,3240,36.0,68.0,1.89,195.0,128.0,66.7,5.0,6.0,25,5.0,13.9,5.0,3.0,2.0,0.0,40.0
88,89,Alban Lafont,FRA,GK,Nantes,fr Ligue 1,20,1999,27,27,2430,27.0,29.0,1.07,95.0,64.0,72.6,11.0,4.0,12,10.0,37.0,6.0,3.0,2.0,1.0,40.0
89,90,Gautier Larsonneur,FRA,GK,Brest,fr Ligue 1,22,1997,27,27,2398,26.6,34.0,1.28,132.0,96.0,76.5,7.0,10.0,10,7.0,25.9,5.0,3.0,2.0,0.0,40.0
90,91,Benjamin Lecomte,FRA,GK,Monaco,fr Ligue 1,28,1991,28,28,2520,28.0,44.0,1.57,134.0,91.0,71.6,11.0,7.0,10,7.0,25.0,6.0,6.0,0.0,0.0,0.0
91,92,Nicolas Lemaître,FRA,GK,Reims,fr Ligue 1,22,1997,1,1,90,1.0,3.0,3.0,4.0,1.0,50.0,0.0,0.0,1,0.0,0.0,1.0,1.0,0.0,0.0,0.0
92,93,Bernd Leno,GER,GK,Arsenal,eng Premier League,27,1992,30,30,2649,29.4,39.0,1.33,151.0,111.0,78.1,9.0,13.0,8,7.0,23.3,7.0,6.0,1.0,0.0,14.3
93,94,Donovan Léon,GUF,GK,Brest,fr Ligue 1,26,1992,2,1,122,1.4,3.0,2.21,11.0,8.0,81.8,1.0,0.0,0,1.0,100.0,1.0,1.0,0.0,0.0,0.0
94,95,Karlo Letica,CRO,GK,SPAL,it Serie A,22,1997,10,10,900,10.0,29.0,2.9,65.0,36.0,55.4,0.0,1.0,9,0.0,0.0,1.0,0.0,1.0,0.0,100.0
95,96,Hugo Lloris,FRA,GK,Tottenham,eng Premier League,32,1986,21,21,1807,20.1,21.0,1.05,99.0,78.0,80.8,11.0,6.0,4,6.0,28.6,3.0,2.0,1.0,0.0,33.3
96,97,Anthony Lopes,POR,GK,Lyon,fr Ligue 1,28,1990,26,26,2340,26.0,25.0,0.96,86.0,64.0,73.3,10.0,7.0,9,8.0,30.8,3.0,2.0,0.0,1.0,0.0
97,98,Diego López,ESP,GK,Espanyol,es La Liga,37,1981,36,36,3232,35.9,58.0,1.62,160.0,103.0,67.5,4.0,9.0,23,4.0,11.1,7.0,6.0,1.0,0.0,14.3
98,99,Pau López,ESP,GK,Roma,it Serie A,24,1994,32,32,2880,32.0,45.0,1.41,132.0,86.0,72.0,18.0,6.0,8,5.0,15.6,9.0,8.0,1.0,0.0,11.1
99,100,Andreas Luthe,GER,GK,Augsburg,de Bundesliga,32,1987,10,10,900,10.0,12.0,1.2,33.0,22.0,63.6,3.0,3.0,4,3.0,30.0,0.0,0.0,0.0,0.0,
100,101,Mike Maignan,FRA,GK,Lille,fr Ligue 1,24,1995,28,28,2520,28.0,27.0,0.96,83.0,58.0,72.3,15.0,4.0,9,12.0,42.9,6.0,4.0,1.0,1.0,20.0
101,102,Steve Mandanda,FRA,GK,Marseille,fr Ligue 1,34,1985,27,27,2371,26.3,27.0,1.02,92.0,67.0,75.0,15.0,8.0,4,11.0,40.7,4.0,4.0,0.0,0.0,0.0
102,103,Daniel Martín,ESP,GK,Betis,es La Liga,21,1998,6,5,531,5.9,12.0,2.03,24.0,12.0,50.0,1.0,0.0,4,1.0,20.0,0.0,0.0,0.0,0.0,
103,104,David Martin,ENG,GK,West Ham,eng Premier League,33,1986,5,4,436,4.8,6.0,1.24,21.0,15.0,71.4,2.0,0.0,2,2.0,50.0,0.0,0.0,0.0,0.0,
104,105,Emiliano Martínez,ARG,GK,Arsenal,eng Premier League,26,1992,9,8,771,8.6,9.0,1.05,42.0,33.0,81.0,5.0,1.0,2,3.0,37.5,1.0,1.0,0.0,0.0,0.0
105,106,Jordi Masip,ESP,GK,Valladolid,es La Liga,30,1989,35,35,3150,35.0,39.0,1.11,125.0,85.0,73.6,8.0,15.0,12,11.0,31.4,7.0,6.0,1.0,0.0,14.3
106,107,Alex McCarthy,ENG,GK,Southampton,eng Premier League,29,1989,28,28,2520,28.0,35.0,1.25,113.0,78.0,69.9,13.0,5.0,10,7.0,25.0,2.0,1.0,1.0,0.0,50.0
107,108,Michael McGovern,NIR,GK,Norwich City,eng Premier League,35,1984,2,1,159,1.8,6.0,3.4,13.0,6.0,53.8,0.0,0.0,1,0.0,0.0,1.0,0.0,1.0,0.0,100.0
108,109,Edouard Mendy,SEN,GK,Rennes,fr Ligue 1,27,1992,24,24,2160,24.0,19.0,0.79,79.0,60.0,79.7,13.0,5.0,6,9.0,37.5,4.0,3.0,1.0,0.0,25.0
109,110,Alex Meret,ITA,GK,Napoli,it Serie A,22,1997,22,21,1951,21.7,33.0,1.52,84.0,51.0,66.7,9.0,5.0,7,3.0,14.3,6.0,5.0,1.0,0.0,16.7
110,111,Antonio Mirante,ITA,GK,Roma,it Serie A,36,1983,5,5,450,5.0,5.0,1.0,24.0,19.0,83.3,2.0,1.0,2,2.0,40.0,1.0,1.0,0.0,0.0,0.0
111,112,Simon Moore,ENG,GK,Sheffield Utd,eng Premier League,29,1990,2,2,180,2.0,6.0,3.0,11.0,5.0,45.5,0.0,1.0,1,0.0,0.0,0.0,0.0,0.0,0.0,
112,113,Jessy Moulin,FRA,GK,Saint-Étienne,fr Ligue 1,33,1986,5,5,450,5.0,4.0,0.8,23.0,19.0,91.3,2.0,2.0,1,2.0,40.0,2.0,2.0,0.0,0.0,0.0
113,114,Florian Müller,GER,GK,Mainz 05,de Bundesliga,21,1997,13,12,1125,12.5,25.0,2.0,66.0,40.0,65.2,3.0,2.0,7,2.0,16.7,3.0,2.0,1.0,0.0,33.3
114,115,Juan Musso,ARG,GK,Udinese,it Serie A,25,1994,38,38,3420,38.0,51.0,1.34,194.0,141.0,77.8,12.0,9.0,17,14.0,36.8,10.0,8.0,2.0,0.0,20.0
115,116,Yvon Mvogo,SUI,GK,RB Leipzig,de Bundesliga,25,1994,2,2,180,2.0,3.0,1.5,5.0,2.0,40.0,2.0,0.0,0,0.0,0.0,0.0,0.0,0.0,0.0,
116,117,Keylor Navas,CRC,GK,Paris S-G,fr Ligue 1,32,1986,21,21,1890,21.0,18.0,0.86,66.0,49.0,72.7,17.0,2.0,2,11.0,52.4,0.0,0.0,0.0,0.0,
117,118,Neto,BRA,GK,Barcelona,es La Liga,30,1989,2,2,180,2.0,2.0,1.0,3.0,1.0,33.3,1.0,1.0,0,1.0,50.0,0.0,0.0,0.0,0.0,
118,119,Manuel Neuer,GER,GK,Bayern Munich,de Bundesliga,33,1986,33,33,2970,33.0,31.0,0.94,110.0,79.0,74.5,25.0,4.0,4,15.0,45.5,4.0,3.0,1.0,0.0,25.0
119,120,Moritz Nicolas,GER,GK,Union Berlin,de Bundesliga,21,1997,1,1,90,1.0,4.0,4.0,8.0,4.0,50.0,0.0,0.0,1,0.0,0.0,0.0,0.0,0.0,0.0,
120,121,Alexander Nübel,GER,GK,Schalke 04,de Bundesliga,22,1996,26,26,2315,25.7,40.0,1.56,118.0,80.0,69.5,8.0,9.0,9,5.0,19.2,4.0,4.0,0.0,0.0,0.0
121,122,Ørjan Nyland,NOR,GK,Aston Villa,eng Premier League,28,1990,7,5,539,6.0,12.0,2.0,27.0,15.0,55.6,0.0,2.0,3,1.0,20.0,0.0,0.0,0.0,0.0,
122,123,Jan Oblak,SVN,GK,Atlético Madrid,es La Liga,26,1993,38,38,3395,37.7,27.0,0.72,111.0,87.0,78.4,18.0,16.0,4,17.0,44.7,4.0,3.0,0.0,1.0,0.0
123,124,Oier Olazábal,ESP,GK,Espanyol,es La Liga,29,1989,2,2,180,2.0,0.0,0.0,3.0,3.0,100.0,1.0,1.0,0,2.0,100.0,0.0,0.0,0.0,0.0,
124,125,Robin Olsen,SWE,GK,Cagliari,it Serie A,29,1990,17,17,1524,16.9,24.0,1.42,89.0,67.0,77.5,8.0,5.0,4,4.0,23.5,4.0,4.0,0.0,0.0,0.0
125,126,David Ospina,COL,GK,Napoli,it Serie A,30,1988,17,17,1469,16.3,17.0,1.04,54.0,37.0,72.2,9.0,3.0,5,4.0,23.5,2.0,2.0,0.0,0.0,0.0
126,127,Alexandre Oukidja,ALG,GK,Metz,fr Ligue 1,31,1988,27,27,2385,26.5,31.0,1.17,129.0,98.0,78.3,8.0,10.0,9,8.0,29.6,3.0,3.0,0.0,0.0,0.0
127,128,Fernando Pacheco,ESP,GK,Alavés,es La Liga,27,1992,27,27,2358,26.2,37.0,1.41,102.0,62.0,71.6,7.0,7.0,13,6.0,22.2,11.0,8.0,3.0,0.0,27.3
128,129,Daniele Padelli,ITA,GK,Inter,it Serie A,33,1985,4,4,270,3.0,4.0,1.33,8.0,4.0,62.5,2.0,0.0,1,1.0,25.0,1.0,1.0,0.0,0.0,0.0
129,130,Miquel Parera,ESP,GK,Mallorca,es La Liga,23,1996,1,1,90,1.0,2.0,2.0,5.0,3.0,60.0,0.0,1.0,0,0.0,0.0,0.0,0.0,0.0,0.0,
130,131,Rui Patrício,POR,GK,Wolves,eng Premier League,31,1988,38,38,3420,38.0,40.0,1.05,129.0,88.0,69.8,15.0,14.0,9,13.0,34.2,3.0,1.0,2.0,0.0,66.7
131,132,Jiří Pavlenka,CZE,GK,Werder Bremen,de Bundesliga,27,1992,33,33,2970,33.0,67.0,2.03,169.0,105.0,60.9,8.0,6.0,19,4.0,12.1,1.0,1.0,0.0,0.0,0.0
132,133,Gianluca Pegolo,ITA,GK,Sassuolo,it Serie A,38,1981,5,5,450,5.0,4.0,0.8,27.0,24.0,85.2,2.0,2.0,1,2.0,40.0,0.0,0.0,0.0,0.0,
133,134,Yohann Pelé,FRA,GK,Marseille,fr Ligue 1,36,1982,2,1,149,1.7,2.0,1.21,7.0,4.0,71.4,1.0,0.0,0,0.0,0.0,1.0,0.0,1.0,0.0,100.0
134,135,Philipp Pentke,GER,GK,Hoffenheim,de Bundesliga,34,1985,4,4,360,4.0,4.0,1.0,21.0,17.0,85.7,2.0,0.0,2,1.0,25.0,1.0,1.0,0.0,0.0,0.0
135,136,Juan Pérez,ESP,GK,Osasuna,es La Liga,23,1996,2,2,180,2.0,3.0,1.5,9.0,6.0,77.8,1.0,1.0,0,0.0,0.0,1.0,1.0,0.0,0.0,0.0
136,137,Samu Pérez,ESP,GK,Valladolid,es La Liga,22,1997,1,0,26,0.3,1.0,3.46,1.0,0.0,100.0,0.0,0.0,0,0.0,,1.0,1.0,0.0,0.0,0.0
137,138,Mattia Perin,ITA,GK,Genoa,it Serie A,26,1992,21,21,1890,21.0,38.0,1.81,103.0,66.0,64.1,8.0,4.0,9,5.0,23.8,2.0,1.0,0.0,1.0,0.0
138,139,Pavao Pervan,AUT,GK,Wolfsburg,de Bundesliga,31,1987,8,8,720,8.0,8.0,1.0,37.0,30.0,81.1,2.0,4.0,2,3.0,37.5,1.0,1.0,0.0,0.0,0.0
139,140,Danijel Petković,MNE,GK,Angers,fr Ligue 1,26,1993,2,2,180,2.0,1.0,0.5,7.0,6.0,85.7,1.0,0.0,1,1.0,50.0,0.0,0.0,0.0,0.0,
140,141,Denis Petrić,SRB,GK,Nantes,fr Ligue 1,31,1988,1,1,90,1.0,2.0,2.0,6.0,4.0,66.7,0.0,0.0,1,0.0,0.0,0.0,0.0,0.0,0.0,
141,142,Jordan Pickford,ENG,GK,Everton,eng Premier League,25,1994,38,38,3420,38.0,56.0,1.47,147.0,94.0,63.9,13.0,10.0,15,9.0,23.7,4.0,3.0,0.0,1.0,0.0
142,143,Carlo Pinsoglio,ITA,GK,Juventus,it Serie A,29,1990,1,0,19,0.2,0.0,0.0,0.0,0.0,,0.0,0.0,0,0.0,,0.0,0.0,0.0,0.0,
143,144,Nick Pope,ENG,GK,Burnley,eng Premier League,27,1992,38,38,3420,38.0,50.0,1.32,167.0,117.0,72.5,15.0,9.0,14,15.0,39.5,5.0,4.0,1.0,0.0,20.0
144,145,Ionuț Radu,ROU,GK,Genoa,it Serie A,22,1997,17,17,1530,17.0,35.0,2.06,98.0,64.0,70.4,2.0,5.0,10,2.0,11.8,7.0,6.0,0.0,1.0,0.0
145,146,Boris Radunović,SRB,GK,Hellas Verona,it Serie A,23,1996,3,3,270,3.0,8.0,2.67,15.0,7.0,60.0,1.0,0.0,2,1.0,33.3,2.0,2.0,0.0,0.0,0.0
146,147,Rafael,BRA,GK,Cagliari,it Serie A,37,1982,6,5,454,5.0,11.0,2.18,17.0,6.0,47.1,1.0,1.0,3,0.0,0.0,3.0,2.0,0.0,1.0,0.0
147,148,Predrag Rajković,SRB,GK,Reims,fr Ligue 1,23,1995,27,27,2430,27.0,18.0,0.67,87.0,65.0,80.5,10.0,11.0,6,12.0,44.4,5.0,1.0,4.0,0.0,80.0
148,149,Aaron Ramsdale,ENG,GK,Bournemouth,eng Premier League,21,1998,37,37,3330,37.0,62.0,1.68,187.0,124.0,69.5,9.0,7.0,21,5.0,13.5,6.0,5.0,1.0,0.0,16.7
149,150,Darren Randolph,IRL,GK,West Ham,eng Premier League,32,1987,2,2,180,2.0,5.0,2.5,11.0,6.0,63.6,0.0,1.0,1,0.0,0.0,1.0,1.0,0.0,0.0,0.0
150,151,Manolo Reina,ESP,GK,Mallorca,es La Liga,34,1985,36,36,3240,36.0,60.0,1.67,179.0,119.0,74.3,9.0,5.0,22,5.0,13.9,15.0,14.0,1.0,0.0,6.7
151,152,Pepe Reina,ESP,GK,Aston Villa,eng Premier League,36,1982,12,12,1080,12.0,20.0,1.67,53.0,32.0,66.0,3.0,3.0,6,2.0,16.7,3.0,2.0,1.0,0.0,33.3
152,153,Pepe Reina,ESP,GK,Milan,it Serie A,36,1982,2,2,90,1.0,1.0,1.0,6.0,4.0,83.3,1.0,0.0,0,0.0,0.0,1.0,0.0,1.0,0.0,100.0
153,154,Álex Remiro,ESP,GK,Real Sociedad,es La Liga,24,1995,25,25,2250,25.0,32.0,1.28,93.0,60.0,73.1,11.0,4.0,10,6.0,24.0,8.0,7.0,1.0,0.0,12.5
154,155,Baptiste Reynet,FRA,GK,Toulouse,fr Ligue 1,28,1990,23,22,2034,22.6,49.0,2.17,118.0,68.0,61.0,3.0,3.0,16,2.0,9.1,5.0,3.0,2.0,0.0,40.0
155,156,Sergio Rico,ESP,GK,Paris S-G,fr Ligue 1,25,1993,2,2,180,2.0,4.0,2.0,10.0,6.0,60.0,2.0,0.0,0,0.0,0.0,0.0,0.0,0.0,0.0,
156,157,Roberto,ESP,GK,West Ham,eng Premier League,33,1986,8,7,687,7.6,17.0,2.23,51.0,35.0,68.6,0.0,1.0,6,0.0,0.0,1.0,1.0,0.0,0.0,0.0
157,158,Roberto,ESP,GK,Alavés,es La Liga,33,1986,9,8,790,8.8,19.0,2.16,54.0,35.0,70.4,2.0,1.0,5,2.0,25.0,3.0,3.0,0.0,0.0,0.0
158,159,Joel Robles,ESP,GK,Betis,es La Liga,29,1990,33,33,2887,32.1,48.0,1.5,130.0,83.0,71.5,9.0,11.0,13,5.0,15.2,11.0,11.0,0.0,0.0,0.0
159,160,Antonio Rosati,ITA,GK,Torino,it Serie A,36,1983,1,1,90,1.0,1.0,1.0,5.0,4.0,80.0,0.0,1.0,0,0.0,0.0,0.0,0.0,0.0,0.0,
160,161,Francesco Rossi,ITA,GK,Atalanta,it Serie A,28,1991,1,0,11,0.1,1.0,8.18,1.0,0.0,0.0,0.0,0.0,0,0.0,,0.0,0.0,0.0,0.0,
161,162,Rubén,ESP,GK,Osasuna,es La Liga,35,1984,19,18,1583,17.6,24.0,1.36,54.0,30.0,61.1,5.0,9.0,4,4.0,22.2,3.0,3.0,0.0,0.0,0.0
162,163,Stéphane Ruffier,FRA,GK,Saint-Étienne,fr Ligue 1,32,1986,22,22,1980,22.0,40.0,1.82,100.0,60.0,63.0,6.0,4.0,12,3.0,13.6,4.0,3.0,0.0,1.0,0.0
163,164,Gerónimo Rulli,ARG,GK,Montpellier,fr Ligue 1,27,1992,25,25,2250,25.0,27.0,1.08,119.0,91.0,79.8,11.0,7.0,7,8.0,32.0,5.0,3.0,2.0,0.0,40.0
164,165,Mathew Ryan,AUS,GK,Brighton,eng Premier League,27,1992,38,38,3420,38.0,54.0,1.42,168.0,116.0,69.0,9.0,14.0,15,9.0,23.7,2.0,2.0,0.0,0.0,0.0
165,166,Frederik Rønnow,DEN,GK,Eint Frankfurt,de Bundesliga,26,1992,9,9,810,9.0,14.0,1.56,49.0,35.0,75.5,2.0,3.0,4,1.0,11.1,2.0,2.0,0.0,0.0,0.0
166,167,Romain Salin,FRA,GK,Rennes,fr Ligue 1,35,1984,5,4,360,4.0,5.0,1.25,19.0,13.0,73.7,2.0,0.0,2,1.0,25.0,1.0,0.0,1.0,0.0,100.0
167,168,Kasper Schmeichel,DEN,GK,Leicester City,eng Premier League,32,1986,38,38,3420,38.0,41.0,1.08,135.0,94.0,75.6,18.0,8.0,12,13.0,34.2,10.0,8.0,2.0,0.0,20.0
168,169,Markus Schubert,GER,GK,Schalke 04,de Bundesliga,21,1998,9,8,742,8.2,18.0,2.18,55.0,37.0,70.9,1.0,3.0,4,2.0,25.0,2.0,2.0,0.0,0.0,0.0
169,170,Alexander Schwolow,GER,GK,Freiburg,de Bundesliga,27,1992,24,24,2091,23.2,32.0,1.38,118.0,86.0,75.4,9.0,6.0,9,4.0,16.7,3.0,3.0,0.0,0.0,0.0
170,171,Matz Sels,BEL,GK,Strasbourg,fr Ligue 1,27,1992,27,27,2430,27.0,32.0,1.19,104.0,71.0,75.0,11.0,5.0,11,8.0,29.6,7.0,6.0,1.0,0.0,14.3
171,172,Luigi Sepe,ITA,GK,Parma,it Serie A,28,1991,34,34,3060,34.0,53.0,1.56,193.0,137.0,75.6,13.0,6.0,15,5.0,14.7,9.0,6.0,3.0,0.0,33.3
172,173,Rui Silva,POR,GK,Granada,es La Liga,25,1994,35,35,3150,35.0,42.0,1.2,142.0,99.0,73.2,15.0,8.0,12,12.0,34.3,5.0,4.0,1.0,0.0,20.0
173,174,Marco Silvestri,ITA,GK,Hellas Verona,it Serie A,28,1991,35,35,3150,35.0,43.0,1.23,159.0,117.0,77.4,11.0,13.0,11,9.0,25.7,7.0,7.0,0.0,0.0,0.0
174,175,Unai Simón,ESP,GK,Athletic Club,es La Liga,22,1997,34,34,2991,33.2,29.0,0.87,109.0,82.0,78.0,13.0,9.0,12,12.0,35.3,7.0,5.0,0.0,2.0,0.0
175,176,Salvatore Sirigu,ITA,GK,Torino,it Serie A,32,1987,36,36,3240,36.0,64.0,1.78,197.0,135.0,72.1,11.0,6.0,19,7.0,19.4,10.0,9.0,1.0,0.0,10.0
176,177,Antonio Sivera,ESP,GK,Alavés,es La Liga,22,1996,3,3,270,3.0,3.0,1.0,5.0,2.0,60.0,1.0,1.0,1,1.0,33.3,1.0,1.0,0.0,0.0,0.0
177,178,Łukasz Skorupski,POL,GK,Bologna,it Serie A,28,1991,37,37,3330,37.0,64.0,1.73,187.0,123.0,69.0,12.0,10.0,15,2.0,5.4,8.0,6.0,1.0,1.0,14.3
178,179,Dennis Smarsch,GER,GK,Hertha BSC,de Bundesliga,20,1999,2,1,151,1.7,4.0,2.38,11.0,7.0,63.6,0.0,0.0,1,0.0,0.0,0.0,0.0,0.0,0.0,
179,180,Yann Sommer,SUI,GK,Gladbach,de Bundesliga,30,1988,34,34,3060,34.0,40.0,1.18,158.0,117.0,75.3,20.0,5.0,9,7.0,20.6,2.0,1.0,1.0,0.0,50.0
180,181,David Soria,ESP,GK,Getafe,es La Liga,26,1993,38,38,3420,38.0,37.0,0.97,109.0,73.0,70.6,14.0,12.0,12,15.0,39.5,6.0,5.0,1.0,0.0,16.7
181,182,Juan Soriano,ESP,GK,Leganés,es La Liga,21,1997,11,11,990,11.0,18.0,1.64,39.0,22.0,66.7,1.0,3.0,7,1.0,9.1,5.0,5.0,0.0,0.0,0.0
182,183,Marco Sportiello,ITA,GK,Atalanta,it Serie A,27,1992,6,5,525,5.8,5.0,0.86,18.0,13.0,72.2,4.0,0.0,1,2.0,40.0,0.0,0.0,0.0,0.0,
183,184,Jed Steer,ENG,GK,Aston Villa,eng Premier League,26,1992,1,1,7,0.1,,,,,,,,1,,,,,,,
184,185,Zack Steffen,USA,GK,Düsseldorf,de Bundesliga,24,1995,17,17,1530,17.0,36.0,2.12,99.0,63.0,64.6,4.0,3.0,10,2.0,11.8,2.0,1.0,1.0,0.0,50.0
185,186,Thomas Strakosha,ALB,GK,Lazio,it Serie A,24,1995,38,38,3420,38.0,42.0,1.11,154.0,112.0,77.3,24.0,6.0,8,11.0,28.9,9.0,7.0,1.0,1.0,12.5
186,187,Wojciech Szczęsny,POL,GK,Juventus,it Serie A,29,1990,29,29,2591,28.8,33.0,1.15,129.0,95.0,80.6,19.0,4.0,6,11.0,37.9,10.0,8.0,1.0,1.0,11.1
187,188,Ciprian Tătărușanu,ROU,GK,Lyon,fr Ligue 1,33,1986,2,2,180,2.0,2.0,1.0,11.0,9.0,81.8,1.0,0.0,1,1.0,50.0,0.0,0.0,0.0,0.0,
188,189,Marc-André ter Stegen,GER,GK,Barcelona,es La Liga,27,1992,36,36,3240,36.0,36.0,1.0,116.0,79.0,74.1,24.0,6.0,6,14.0,38.9,7.0,6.0,1.0,0.0,14.3
189,190,Pietro Terracciano,ITA,GK,Fiorentina,it Serie A,29,1990,7,7,624,6.9,5.0,0.72,23.0,18.0,91.3,5.0,1.0,1,2.0,28.6,3.0,3.0,0.0,0.0,0.0
190,191,Demba Thiam,SEN,GK,SPAL,it Serie A,21,1998,2,2,180,2.0,4.0,2.0,16.0,12.0,81.3,0.0,1.0,1,0.0,0.0,1.0,1.0,0.0,0.0,0.0
191,192,Niclas Thiede,GER,GK,Freiburg,de Bundesliga,20,1999,1,0,69,0.8,1.0,1.3,4.0,3.0,75.0,0.0,0.0,0,0.0,,0.0,0.0,0.0,0.0,
192,193,Kevin Trapp,GER,GK,Eint Frankfurt,de Bundesliga,29,1990,22,22,1980,22.0,38.0,1.73,105.0,69.0,64.8,11.0,3.0,8,4.0,18.2,1.0,1.0,0.0,0.0,0.0
193,194,Mark Travers,IRL,GK,Bournemouth,eng Premier League,20,1999,1,1,90,1.0,3.0,3.0,5.0,2.0,40.0,0.0,0.0,1,0.0,0.0,0.0,0.0,0.0,0.0,
194,195,Stefano Turati,ITA,GK,Sassuolo,it Serie A,17,2001,2,2,180,2.0,4.0,2.0,12.0,8.0,75.0,0.0,2.0,0,0.0,0.0,1.0,1.0,0.0,0.0,0.0
195,196,Samir Ujkani,KVX,GK,Torino,it Serie A,31,1988,1,1,90,1.0,3.0,3.0,6.0,3.0,66.7,0.0,0.0,1,0.0,0.0,1.0,1.0,0.0,0.0,0.0
196,197,Sven Ulreich,GER,GK,Bayern Munich,de Bundesliga,30,1988,2,2,90,1.0,1.0,1.0,3.0,2.0,66.7,1.0,0.0,0,0.0,0.0,0.0,0.0,0.0,0.0,
197,198,Tomáš Vaclík,CZE,GK,Sevilla,es La Liga,30,1989,33,33,2925,32.5,31.0,0.95,96.0,65.0,69.8,15.0,12.0,6,12.0,36.4,3.0,2.0,1.0,0.0,33.3
198,199,Koke Vegas,ESP,GK,Levante,es La Liga,23,1995,2,2,180,2.0,2.0,1.0,10.0,8.0,80.0,2.0,0.0,0,1.0,50.0,1.0,0.0,0.0,1.0,
199,200,Mauro Vigorito,ITA,GK,Lecce,it Serie A,29,1990,5,4,423,4.7,9.0,1.91,29.0,20.0,72.4,3.0,0.0,1,1.0,25.0,1.0,1.0,0.0,0.0,0.0
200,201,Iván Villar,ESP,GK,Celta Vigo,es La Liga,22,1997,4,3,280,3.1,5.0,1.61,11.0,6.0,54.5,0.0,1.0,2,1.0,33.3,0.0,0.0,0.0,0.0,
201,202,Felix Wiedwald,GER,GK,Eint Frankfurt,de Bundesliga,29,1990,3,3,270,3.0,8.0,2.67,20.0,12.0,60.0,0.0,0.0,3,0.0,0.0,0.0,0.0,0.0,0.0,
202,203,Yoel,ESP,GK,Eibar,es La Liga,30,1988,4,4,270,3.0,5.0,1.67,16.0,10.0,68.8,2.0,0.0,1,1.0,25.0,1.0,0.0,1.0,0.0,100.0
203,204,Robin Zentner,GER,GK,Mainz 05,de Bundesliga,24,1994,22,22,1935,21.5,40.0,1.86,115.0,75.0,66.1,8.0,2.0,12,3.0,13.6,2.0,1.0,1.0,0.0,50.0
204,205,Leopold Zingerle,GER,GK,Paderborn 07,de Bundesliga,25,1994,28,28,2520,28.0,57.0,2.04,152.0,96.0,64.5,4.0,7.0,17,5.0,17.9,4.0,3.0,1.0,0.0,25.0
