,Rk,Player,Nation,Position,Squad,League,Age,Born,90s Played,Goals Against,Penalty Kicks Allowed,Free Kick Goals Against,Corner Kick Goals Against,Own Goals Scored Against,Post Shot Expected Goals PSxG,Post Shot Expected Goals per Shots on target PSxG/SoT,Post shot Expected Goals minus Goals allowed PSxG+/-,Post shot Expected Goals minus Goals allowed per /90,Launched Passes Completed,Launched Passes Attempts,Launched Pass Completion %,Passes Attempted (GK),Throws attempted,Launch Passes %,Average Passes Length,Goal Kicks,Goal Kicks Launch %,Goal Kicks Avgerage Length,Crosses faced,Crosses Stopped,Crosses Stopped %,Def. Actions outside penalty area #OPA,Def._Actions outside penalty area  per 90 #OPA/90,Average dist. of def. Actions
0,1,Antonio Adán,ESP,GK,Atlético Madrid,es La Liga,32,1987,0.3,0.0,0.0,0.0,0.0,0.0,0.0,0.04,0.0,0.13,1.0,3,33.3,5,1.0,40.0,30.2,1,100.0,65.0,1,0.0,0.0,0.0,0.0,
1,2,Adrián,ESP,GK,Liverpool,eng Premier League,32,1987,9.7,10.0,0.0,1.0,1.0,0.0,7.5,0.28,-2.5,-0.26,36.0,99,36.4,241,51.0,33.2,33.0,70,27.1,29.2,127,7.0,5.5,14.0,1.44,15.3
2,3,Rúnar Alex Rúnarsson,ISL,GK,Dijon,fr Ligue 1,24,1995,10.0,17.0,0.0,0.0,3.0,1.0,11.3,0.24,-4.7,-0.47,50.0,121,41.3,248,56.0,30.6,31.3,81,55.6,43.9,163,9.0,5.5,9.0,0.9,14.0
3,4,Enrico Alfonso,ITA,GK,Brescia,it Serie A,31,1988,3.1,4.0,0.0,0.0,0.0,0.0,2.6,0.23,-1.4,-0.47,8.0,27,29.6,56,9.0,35.7,33.3,24,29.2,29.0,54,0.0,0.0,4.0,1.29,12.9
4,5,Alisson,BRA,GK,Liverpool,eng Premier League,26,1992,28.3,23.0,1.0,0.0,1.0,1.0,19.7,0.24,-2.3,-0.08,85.0,189,45.0,778,140.0,18.4,27.4,167,27.5,30.9,299,10.0,3.3,63.0,2.23,19.2
5,6,Sergio Álvarez,ESP,GK,Celta Vigo,es La Liga,32,1986,2.0,1.0,0.0,0.0,0.0,0.0,1.0,0.34,0.0,0.01,5.0,18,27.8,35,6.0,25.7,30.1,19,47.4,38.8,37,0.0,0.0,1.0,0.5,16.0
6,7,Lorenzo Andrenacci,ITA,GK,Brescia,it Serie A,24,1995,5.9,16.0,0.0,1.0,1.0,0.0,12.8,0.29,-3.2,-0.54,24.0,60,40.0,96,45.0,28.1,31.8,66,50.0,40.8,98,3.0,3.1,1.0,0.17,10.1
7,8,Miguel Ángel Moyá,ESP,GK,Real Sociedad,es La Liga,35,1984,13.0,16.0,0.0,0.0,1.0,1.0,15.4,0.3,0.4,0.03,81.0,158,51.3,361,57.0,24.7,30.3,100,69.0,44.3,150,7.0,4.7,23.0,1.77,17.7
8,9,Alphonse Areola,FRA,GK,Real Madrid,es La Liga,26,1993,4.0,5.0,2.0,0.0,1.0,0.0,4.1,0.15,-0.9,-0.22,14.0,32,43.8,105,27.0,17.1,26.9,29,48.3,41.4,57,2.0,3.5,4.0,1.0,14.2
9,10,Alphonse Areola,FRA,GK,Paris S-G,fr Ligue 1,26,1993,3.0,2.0,0.0,0.0,0.0,0.0,1.4,0.46,-0.6,-0.21,2.0,2,100.0,48,9.0,0.0,17.5,9,22.2,25.7,23,1.0,4.3,6.0,2.0,18.5
10,11,Kepa Arrizabalaga,ESP,GK,Chelsea,eng Premier League,24,1994,33.0,47.0,2.0,2.0,7.0,2.0,33.7,0.32,-11.3,-0.34,83.0,250,33.2,892,151.0,20.6,28.3,198,33.3,32.7,343,20.0,5.8,35.0,1.06,16.0
11,12,Sergio Asenjo,ESP,GK,Villarreal,es La Liga,30,1989,34.0,41.0,5.0,0.0,8.0,1.0,38.7,0.23,-1.3,-0.04,130.0,397,32.7,750,157.0,33.2,33.2,282,52.5,41.6,576,16.0,2.8,27.0,0.79,14.1
12,13,Emil Audero,IDN,GK,Sampdoria,it Serie A,22,1997,36.0,60.0,7.0,0.0,10.0,4.0,47.9,0.25,-8.1,-0.23,187.0,519,36.0,742,132.0,45.7,37.2,291,61.9,44.6,603,16.0,2.7,32.0,0.89,14.0
13,14,Stefan Bajic,FRA,GK,Saint-Étienne,fr Ligue 1,17,2001,1.0,1.0,0.0,0.0,1.0,0.0,0.1,0.05,-0.9,-0.9,1.0,2,50.0,11,4.0,0.0,18.1,8,25.0,28.8,12,0.0,0.0,5.0,5.0,27.2
14,15,Oliver Baumann,GER,GK,Hoffenheim,de Bundesliga,29,1990,30.0,49.0,5.0,0.0,4.0,2.0,48.5,0.29,1.5,0.05,137.0,391,35.0,1019,174.0,28.8,29.9,262,37.4,34.5,485,18.0,3.7,27.0,0.9,13.9
15,16,Asmir Begović,BIH,GK,Milan,it Serie A,32,1987,1.4,3.0,1.0,0.0,0.0,0.0,4.0,0.43,1.0,0.73,3.0,10,30.0,26,5.0,26.9,30.5,12,25.0,33.1,16,0.0,0.0,0.0,0.0,
16,17,Walter Benítez,ARG,GK,Nice,fr Ligue 1,26,1993,26.0,36.0,4.0,0.0,6.0,2.0,41.1,0.28,7.1,0.27,52.0,150,34.7,574,139.0,16.6,24.4,214,25.7,28.9,421,11.0,2.6,17.0,0.65,13.3
17,18,Etrit Berisha,ALB,GK,SPAL,it Serie A,30,1989,26.0,44.0,6.0,1.0,2.0,2.0,45.4,0.27,3.4,0.13,164.0,389,42.2,642,142.0,39.6,34.0,233,57.9,44.1,419,12.0,2.9,21.0,0.81,14.3
18,19,Paul Bernardoni,FRA,GK,Nîmes,fr Ligue 1,22,1997,24.5,38.0,4.0,0.0,2.0,1.0,30.7,0.26,-6.3,-0.26,130.0,379,34.3,530,80.0,47.4,37.1,175,73.1,50.7,265,11.0,4.2,26.0,1.06,15.6
19,20,Dimitry Bertaud,COD,GK,Montpellier,fr Ligue 1,21,1998,2.2,3.0,0.0,0.0,1.0,0.0,1.7,0.35,-1.3,-0.58,12.0,19,63.2,49,18.0,26.5,30.9,18,33.3,37.3,19,2.0,10.5,3.0,1.38,18.4
20,21,Rubén Blanco,ESP,GK,Celta Vigo,es La Liga,24,1995,32.9,43.0,5.0,3.0,3.0,0.0,41.1,0.28,-1.9,-0.06,184.0,518,35.5,691,122.0,46.2,37.4,292,68.2,49.6,523,19.0,3.6,11.0,0.33,9.8
21,22,Yassine Bounou,MAR,GK,Sevilla,es La Liga,28,1991,5.5,3.0,1.0,0.0,0.0,0.0,4.7,0.19,1.7,0.31,34.0,75,45.3,123,24.0,36.6,33.7,45,66.7,47.6,73,1.0,1.4,1.0,0.18,11.7
22,23,Federico Brancolini,ITA,GK,Fiorentina,it Serie A,18,2001,0.1,0.0,0.0,0.0,0.0,0.0,0.0,,0.0,0.0,1.0,1,100.0,2,0.0,0.0,24.0,1,100.0,66.0,0,0.0,,0.0,0.0,18.0
23,24,Claudio Bravo,CHI,GK,Manchester City,eng Premier League,36,1983,3.9,7.0,0.0,0.0,0.0,0.0,4.5,0.3,-2.5,-0.66,18.0,44,40.9,108,17.0,26.9,28.0,28,53.6,39.7,63,1.0,1.6,1.0,0.26,11.0
24,25,Gianluigi Buffon,ITA,GK,Juventus,it Serie A,41,1978,9.0,10.0,1.0,0.0,0.0,0.0,7.6,0.2,-2.4,-0.27,12.0,26,46.2,154,42.0,13.6,25.1,54,9.3,21.5,109,3.0,2.8,7.0,0.78,13.6
25,26,Roman Bürki,SUI,GK,Dortmund,de Bundesliga,28,1990,30.8,40.0,3.0,0.0,7.0,3.0,34.5,0.35,-2.5,-0.08,84.0,272,30.9,847,182.0,24.9,30.0,201,30.3,33.1,309,11.0,3.6,45.0,1.46,18.2
26,27,Ludovic Butelle,FRA,GK,Angers,fr Ligue 1,36,1983,26.0,32.0,3.0,2.0,1.0,0.0,26.7,0.29,-5.3,-0.2,119.0,342,34.8,494,116.0,39.5,35.9,203,72.4,50.6,319,15.0,4.7,22.0,0.85,15.1
27,28,Marcin Bułka,POL,GK,Paris S-G,fr Ligue 1,19,1999,1.0,0.0,0.0,0.0,0.0,0.0,0.4,0.2,0.4,0.4,0.0,0,,12,3.0,0.0,16.3,6,0.0,20.8,5,1.0,20.0,0.0,0.0,5.0
28,29,Willy Caballero,ARG,GK,Chelsea,eng Premier League,37,1981,5.0,7.0,0.0,0.0,2.0,1.0,3.8,0.23,-2.2,-0.45,19.0,52,36.5,136,17.0,30.9,31.4,28,35.7,32.9,46,1.0,2.2,3.0,0.6,16.0
29,30,Matis Carvalho,POR,GK,Montpellier,fr Ligue 1,20,1999,0.8,4.0,0.0,0.0,0.0,1.0,2.7,0.36,-0.3,-0.33,4.0,17,23.5,18,4.0,61.1,46.0,9,66.7,44.2,10,0.0,0.0,0.0,0.0,9.3
30,31,Koen Casteels,BEL,GK,Wolfsburg,de Bundesliga,27,1992,26.0,38.0,4.0,1.0,4.0,0.0,34.3,0.29,-3.7,-0.14,187.0,420,44.5,792,122.0,39.9,35.5,178,58.4,45.3,356,18.0,5.1,34.0,1.31,16.6
31,32,Churripi,ESP,GK,Valladolid,es La Liga,25,1994,2.7,3.0,0.0,0.0,2.0,0.0,3.4,0.27,0.4,0.16,19.0,76,25.0,73,8.0,75.3,49.5,24,87.5,64.0,49,3.0,6.1,3.0,1.11,10.5
32,33,Jasper Cillessen,NED,GK,Valencia,es La Liga,30,1989,23.3,30.0,6.0,2.0,1.0,1.0,29.1,0.2,0.1,0.01,116.0,366,31.7,549,133.0,41.0,35.1,205,68.8,51.3,385,6.0,1.6,13.0,0.56,13.8
33,34,Yannis Clementia,MTQ,GK,Nice,fr Ligue 1,22,1997,2.0,2.0,1.0,0.0,0.0,0.0,2.4,0.21,0.4,0.22,4.0,22,18.2,47,16.0,27.7,30.9,14,64.3,47.8,33,4.0,12.1,0.0,0.0,8.2
34,35,Simone Colombi,ITA,GK,Parma,it Serie A,28,1991,4.0,4.0,1.0,0.0,0.0,0.0,6.2,0.28,2.2,0.56,9.0,24,37.5,59,14.0,28.8,29.3,42,16.7,23.1,61,1.0,1.6,0.0,0.0,7.8
35,36,Andrea Consigli,ITA,GK,Sassuolo,it Serie A,32,1987,31.0,55.0,7.0,1.0,9.0,3.0,45.0,0.27,-7.0,-0.23,90.0,268,33.6,778,141.0,27.4,28.8,205,26.8,27.8,432,19.0,4.4,30.0,0.97,13.6
36,37,Angelo da Costa Júnior,BRA,GK,Bologna,it Serie A,35,1983,1.0,1.0,0.0,0.0,0.0,0.0,0.2,0.1,-0.8,-0.79,0.0,2,0.0,22,4.0,9.1,27.0,4,0.0,15.8,8,0.0,0.0,1.0,1.0,33.0
37,38,Benoît Costil,FRA,GK,Bordeaux,fr Ligue 1,32,1987,28.0,34.0,2.0,0.0,4.0,1.0,32.7,0.28,-0.3,-0.01,159.0,394,40.4,637,99.0,40.2,34.8,246,56.1,40.9,434,17.0,3.9,28.0,1.0,15.2
38,39,Thibaut Courtois,BEL,GK,Real Madrid,es La Liga,27,1992,34.0,20.0,0.0,0.0,4.0,0.0,26.7,0.28,6.7,0.2,76.0,280,27.1,865,200.0,23.4,30.6,217,35.9,37.7,403,21.0,5.2,33.0,0.97,14.5
39,40,Alessio Cragno,ITA,GK,Cagliari,it Serie A,25,1994,16.0,21.0,1.0,0.0,2.0,1.0,21.6,0.22,1.6,0.1,68.0,224,30.4,314,74.0,45.5,37.0,156,51.9,39.9,274,12.0,4.4,7.0,0.44,10.6
40,41,Iván Cuéllar,ESP,GK,Leganés,es La Liga,35,1984,27.0,33.0,1.0,1.0,7.0,0.0,30.7,0.3,-2.3,-0.09,213.0,598,35.6,605,107.0,66.0,46.1,217,91.7,63.2,396,11.0,2.8,38.0,1.41,16.2
41,42,Paul Delecroix,FRA,GK,Metz,fr Ligue 1,30,1988,1.5,4.0,1.0,0.0,0.0,0.0,2.2,0.21,-1.8,-1.2,14.0,30,46.7,33,5.0,66.7,43.8,11,72.7,54.1,11,0.0,0.0,2.0,1.32,26.5
42,43,Lucas Dias,FRA,GK,Nîmes,fr Ligue 1,20,1999,3.5,6.0,0.0,1.0,2.0,0.0,5.7,0.34,-0.3,-0.08,26.0,71,36.6,60,4.0,61.7,40.9,38,89.5,57.2,63,0.0,0.0,5.0,1.42,14.3
43,44,Marko Dmitrović,SRB,GK,Eibar,es La Liga,27,1992,35.0,51.0,4.0,2.0,3.0,1.0,45.8,0.35,-4.2,-0.12,266.0,822,32.4,815,88.0,72.1,51.6,244,95.9,70.9,419,24.0,5.7,75.0,2.14,17.9
44,45,Jaume Doménech,ESP,GK,Valencia,es La Liga,28,1990,14.7,23.0,1.0,1.0,3.0,0.0,21.0,0.26,-2.0,-0.13,95.0,233,40.8,329,68.0,41.9,34.2,132,72.0,48.7,234,6.0,2.6,6.0,0.41,10.8
45,46,Gianluigi Donnarumma,ITA,GK,Milan,it Serie A,20,1999,35.6,42.0,4.0,0.0,4.0,1.0,39.7,0.23,-1.3,-0.04,177.0,406,43.6,878,178.0,32.3,31.3,259,47.1,36.9,473,27.0,5.7,37.0,1.04,13.9
46,47,Bartłomiej Drągowski,POL,GK,Fiorentina,it Serie A,21,1997,31.0,43.0,6.0,2.0,5.0,0.0,42.7,0.25,-0.3,-0.01,109.0,338,32.2,677,196.0,34.9,33.6,221,46.2,39.1,440,13.0,3.0,30.0,0.97,14.2
47,48,Martin Dúbravka,SVK,GK,Newcastle Utd,eng Premier League,30,1989,38.0,58.0,2.0,3.0,8.0,2.0,63.0,0.32,7.0,0.18,288.0,750,38.4,749,119.0,60.7,42.0,340,86.8,58.3,686,21.0,3.1,26.0,0.68,11.6
48,49,Ederson,BRA,GK,Manchester City,eng Premier League,25,1993,34.1,28.0,3.0,1.0,4.0,1.0,29.6,0.29,2.6,0.08,74.0,183,40.4,939,178.0,15.4,26.0,139,27.3,30.0,260,14.0,5.4,63.0,1.85,19.3
49,50,Aarón Escandell,ESP,GK,Granada,es La Liga,23,1995,3.0,3.0,0.0,0.0,0.0,0.0,3.1,0.22,0.1,0.03,25.0,76,32.9,100,22.0,62.0,42.5,26,53.8,46.7,39,2.0,5.1,2.0,0.67,13.6
50,51,Łukasz Fabiański,POL,GK,West Ham,eng Premier League,34,1985,23.5,34.0,3.0,1.0,2.0,2.0,32.1,0.27,0.1,0.0,189.0,455,41.5,480,100.0,60.2,43.5,192,86.5,58.6,382,11.0,2.9,8.0,0.34,10.3
51,52,Fabricio,ESP,GK,Mallorca,es La Liga,31,1987,1.0,3.0,1.0,0.0,1.0,0.0,2.3,0.23,-0.7,-0.74,6.0,14,42.9,24,6.0,41.7,38.0,9,44.4,40.1,7,0.0,0.0,0.0,0.0,8.3
52,53,Ralf Fährmann,GER,GK,Norwich City,eng Premier League,30,1988,0.2,1.0,1.0,,,,1.2,0.08,,,,2,,7,2.0,28.6,22.7,3,0.0,15.7,5,1.0,20.0,,,11.3
53,54,Wladimiro Falcone,ITA,GK,Sampdoria,it Serie A,24,1995,2.0,5.0,1.0,0.0,0.0,0.0,5.6,0.36,0.6,0.32,5.0,25,20.0,43,10.0,34.9,29.8,18,55.6,44.9,27,0.0,0.0,2.0,1.0,16.4
54,55,Aitor Fernández,ESP,GK,Levante,es La Liga,28,1991,36.0,51.0,3.0,1.0,8.0,2.0,52.7,0.24,3.7,0.1,170.0,491,34.6,772,193.0,43.3,37.6,333,47.1,39.8,590,20.0,3.4,45.0,1.25,14.4
55,56,Andrés Fernández,ESP,GK,Villarreal,es La Liga,32,1986,4.0,8.0,3.0,0.0,2.0,1.0,6.5,0.19,-0.5,-0.11,16.0,45,35.6,112,16.0,25.0,28.0,43,39.5,34.3,72,3.0,4.2,0.0,0.0,10.2
56,57,Mark Flekken,NED,GK,Freiburg,de Bundesliga,26,1993,10.0,14.0,0.0,0.0,1.0,0.0,19.7,0.28,5.7,0.57,64.0,180,35.6,324,38.0,37.0,35.9,108,55.6,47.8,160,5.0,3.1,8.0,0.8,12.6
57,58,Ben Foster,ENG,GK,Watford,eng Premier League,36,1983,38.0,64.0,8.0,3.0,7.0,3.0,62.6,0.31,1.6,0.04,302.0,923,32.7,912,118.0,71.7,46.9,295,91.2,62.2,581,30.0,5.2,55.0,1.45,15.9
58,59,Daniel Fuzato,BRA,GK,Roma,it Serie A,22,1997,1.0,1.0,0.0,0.0,1.0,0.0,0.4,0.22,-0.6,-0.57,3.0,14,21.4,34,4.0,29.4,33.1,10,40.0,33.2,14,1.0,7.1,1.0,1.0,11.5
59,60,Gabriel,BRA,GK,Lecce,it Serie A,26,1992,33.3,76.0,10.0,1.0,9.0,3.0,70.4,0.27,-2.6,-0.08,124.0,310,40.0,646,194.0,31.1,32.0,326,33.4,30.7,597,27.0,4.5,15.0,0.45,11.0
60,61,Paulo Gazzaniga,ARG,GK,Tottenham,eng Premier League,27,1992,17.9,26.0,3.0,1.0,2.0,1.0,22.6,0.23,-2.4,-0.13,62.0,232,26.7,377,63.0,37.1,33.3,142,64.8,48.5,262,7.0,2.7,16.0,0.89,17.6
61,62,David de Gea,ESP,GK,Manchester Utd,eng Premier League,28,1990,38.0,36.0,3.0,1.0,8.0,1.0,34.7,0.25,-0.3,-0.01,83.0,262,31.7,672,153.0,28.4,30.6,268,26.5,29.0,489,10.0,2.0,22.0,0.58,15.0
62,63,Rafał Gikiewicz,POL,GK,Union Berlin,de Bundesliga,31,1987,33.0,54.0,3.0,0.0,7.0,1.0,48.9,0.29,-4.1,-0.12,374.0,823,45.4,1079,121.0,56.1,41.7,269,81.0,56.7,518,32.0,6.2,37.0,1.12,13.4
63,64,Mauro Goicoechea,URU,GK,Toulouse,fr Ligue 1,31,1988,2.0,5.0,0.0,0.0,0.0,0.0,4.1,0.32,-0.9,-0.43,16.0,41,39.0,44,4.0,54.5,40.3,20,85.0,49.8,15,0.0,0.0,2.0,1.0,15.6
64,65,Pierluigi Gollini,ITA,GK,Atalanta,it Serie A,24,1995,32.0,42.0,6.0,2.0,4.0,3.0,36.7,0.26,-2.3,-0.07,165.0,381,43.3,766,161.0,32.1,34.0,208,64.9,50.0,314,5.0,1.6,57.0,1.78,18.1
65,66,Alfred Gomis,SEN,GK,Dijon,fr Ligue 1,25,1993,18.0,20.0,1.0,2.0,2.0,1.0,17.5,0.21,-1.5,-0.08,148.0,343,43.1,566,114.0,41.5,36.1,168,64.3,46.4,306,23.0,7.5,13.0,0.72,12.2
66,67,Vicente Guaita,ESP,GK,Crystal Palace,eng Premier League,32,1987,35.0,42.0,0.0,0.0,3.0,2.0,47.4,0.33,7.4,0.21,202.0,625,32.3,783,173.0,51.3,38.8,274,81.4,56.8,591,23.0,3.9,24.0,0.69,12.3
67,68,Péter Gulácsi,HUN,GK,RB Leipzig,de Bundesliga,29,1990,32.0,34.0,2.0,0.0,7.0,0.0,36.5,0.3,2.5,0.08,117.0,333,35.1,1032,186.0,25.1,29.9,227,32.6,33.7,400,18.0,4.5,68.0,2.13,18.5
68,69,Angus Gunn,SCO,GK,Southampton,eng Premier League,23,1996,10.0,25.0,2.0,1.0,1.0,0.0,17.5,0.28,-7.5,-0.75,38.0,178,21.3,181,27.0,62.4,42.3,77,84.4,55.5,139,4.0,2.9,12.0,1.2,17.0
69,70,Régis Gurtner,FRA,GK,Amiens,fr Ligue 1,32,1986,28.0,50.0,1.0,1.0,12.0,1.0,40.8,0.29,-8.2,-0.29,194.0,462,42.0,562,93.0,47.7,38.4,255,76.1,51.0,425,10.0,2.4,10.0,0.36,11.8
70,71,Samir Handanović,SVN,GK,Inter,it Serie A,35,1984,35.0,32.0,2.0,0.0,3.0,1.0,29.3,0.24,-1.7,-0.05,111.0,222,50.0,853,189.0,18.2,27.2,267,25.1,28.9,490,24.0,4.9,19.0,0.54,11.8
71,72,Tom Heaton,ENG,GK,Aston Villa,eng Premier League,33,1986,19.9,35.0,3.0,1.0,7.0,1.0,28.4,0.26,-5.6,-0.28,112.0,358,31.3,431,99.0,52.4,39.5,195,67.7,50.5,379,11.0,2.9,13.0,0.65,12.1
72,73,Dean Henderson,ENG,GK,Sheffield Utd,eng Premier League,22,1997,36.0,33.0,1.0,0.0,2.0,0.0,39.2,0.31,6.2,0.17,260.0,833,31.2,779,106.0,74.3,51.9,261,97.3,69.1,552,20.0,3.6,23.0,0.64,12.5
73,74,Wayne Hennessey,WAL,GK,Crystal Palace,eng Premier League,32,1987,3.0,8.0,0.0,1.0,2.0,0.0,8.3,0.36,0.3,0.1,35.0,85,41.2,65,7.0,78.5,48.9,39,87.2,61.3,60,0.0,0.0,3.0,1.0,13.2
74,75,Sergio Herrera,ESP,GK,Osasuna,es La Liga,26,1993,18.4,27.0,1.0,2.0,4.0,0.0,27.4,0.33,0.4,0.02,149.0,453,32.9,462,73.0,69.3,47.1,147,90.5,59.2,235,16.0,6.8,31.0,1.69,16.4
75,76,Iago Herrerín,ESP,GK,Athletic Club,es La Liga,31,1988,4.7,9.0,0.0,1.0,0.0,0.0,5.2,0.29,-3.8,-0.8,41.0,101,40.6,138,27.0,55.8,41.4,30,80.0,54.8,52,6.0,11.5,0.0,0.0,10.0
76,77,Marwin Hitz,SUI,GK,Dortmund,de Bundesliga,31,1987,3.2,1.0,0.0,0.0,0.0,0.0,3.4,0.49,2.4,0.75,8.0,22,36.4,75,14.0,17.3,28.2,25,36.0,38.3,35,1.0,2.9,4.0,1.24,15.4
77,78,Timo Horn,GER,GK,Köln,de Bundesliga,26,1993,34.0,69.0,4.0,1.0,11.0,2.0,54.8,0.32,-12.2,-0.36,270.0,552,48.9,901,103.0,46.5,37.9,297,44.8,38.4,479,20.0,4.2,23.0,0.68,11.8
78,79,Lukáš Hrádecký,FIN,GK,Leverkusen,de Bundesliga,29,1989,34.0,44.0,2.0,1.0,4.0,0.0,48.1,0.33,4.1,0.12,180.0,498,36.1,1365,204.0,30.4,32.3,232,35.8,35.9,365,14.0,3.8,55.0,1.62,16.7
79,80,Jannik Huth,GER,GK,Paderborn 07,de Bundesliga,25,1994,6.0,17.0,1.0,0.0,1.0,0.0,12.1,0.34,-4.9,-0.81,28.0,72,38.9,203,37.0,30.0,31.5,48,22.9,29.7,70,1.0,1.4,5.0,0.83,15.2
80,81,Rune Jarstein,NOR,GK,Hertha BSC,de Bundesliga,34,1984,28.3,46.0,7.0,3.0,5.0,2.0,42.2,0.25,-1.8,-0.06,262.0,563,46.5,786,117.0,50.8,39.2,224,73.2,50.6,458,33.0,7.2,20.0,0.71,12.0
81,82,Jesse Joronen,FIN,GK,Brescia,it Serie A,26,1993,29.0,59.0,9.0,0.0,8.0,3.0,53.6,0.25,-2.4,-0.08,138.0,380,36.3,579,164.0,44.9,36.9,275,43.6,38.3,530,17.0,3.2,12.0,0.41,9.0
82,83,Lovre Kalinić,CRO,GK,Toulouse,fr Ligue 1,29,1990,3.4,4.0,0.0,0.0,0.0,0.0,2.9,0.24,-1.1,-0.32,25.0,82,30.5,79,12.0,60.8,43.3,38,89.5,57.7,65,8.0,12.3,3.0,0.88,14.1
83,84,Stefanos Kapino,GRE,GK,Werder Bremen,de Bundesliga,25,1994,1.0,2.0,0.0,0.0,0.0,0.0,0.9,0.19,-1.1,-1.06,7.0,16,43.8,26,8.0,38.5,33.8,9,66.7,43.0,21,0.0,0.0,1.0,1.0,12.0
84,85,Florian Kastenmeier,GER,GK,Düsseldorf,de Bundesliga,22,1997,17.0,31.0,2.0,0.0,3.0,3.0,25.2,0.3,-2.8,-0.17,115.0,287,40.1,509,57.0,44.4,38.0,112,54.5,45.1,207,6.0,2.9,20.0,1.18,15.8
85,86,Tomáš Koubek,CZE,GK,Augsburg,de Bundesliga,26,1992,24.0,51.0,0.0,0.0,3.0,2.0,42.7,0.35,-6.3,-0.26,145.0,457,31.7,623,102.0,49.3,40.3,212,70.8,53.4,366,13.0,3.6,34.0,1.42,15.7
86,87,Thomas Kraft,GER,GK,Hertha BSC,de Bundesliga,31,1988,4.0,9.0,0.0,0.0,2.0,0.0,6.0,0.31,-3.0,-0.76,34.0,82,41.5,95,14.0,58.9,39.5,33,78.8,54.9,75,2.0,2.7,6.0,1.5,22.8
87,88,Tim Krul,NED,GK,Norwich City,eng Premier League,31,1988,36.0,68.0,3.0,1.0,11.0,3.0,60.5,0.29,-4.5,-0.12,169.0,598,28.3,1248,198.0,35.8,34.6,332,45.5,39.0,653,29.0,4.4,23.0,0.64,12.7
88,89,Alban Lafont,FRA,GK,Nantes,fr Ligue 1,20,1999,27.0,29.0,3.0,0.0,2.0,1.0,26.6,0.23,-1.4,-0.05,147.0,452,32.5,695,131.0,44.6,36.5,187,75.9,51.5,379,9.0,2.4,31.0,1.15,15.5
89,90,Gautier Larsonneur,FRA,GK,Brest,fr Ligue 1,22,1997,26.6,34.0,3.0,0.0,4.0,0.0,41.4,0.28,7.4,0.28,128.0,373,34.3,783,152.0,35.9,35.2,235,39.1,35.2,454,19.0,4.2,28.0,1.05,13.5
90,91,Benjamin Lecomte,FRA,GK,Monaco,fr Ligue 1,28,1991,28.0,44.0,6.0,0.0,7.0,1.0,42.8,0.28,-0.2,-0.01,146.0,337,43.3,637,136.0,34.5,33.0,212,55.2,42.3,394,20.0,5.1,39.0,1.39,15.8
91,92,Nicolas Lemaître,FRA,GK,Reims,fr Ligue 1,22,1997,1.0,3.0,1.0,0.0,1.0,0.0,2.3,0.32,-0.7,-0.75,2.0,7,28.6,19,4.0,21.1,26.1,8,37.5,41.0,14,0.0,0.0,0.0,0.0,9.0
92,93,Bernd Leno,GER,GK,Arsenal,eng Premier League,27,1992,29.4,39.0,6.0,0.0,6.0,0.0,40.0,0.22,1.0,0.04,64.0,266,24.1,732,185.0,23.4,27.9,253,37.5,34.4,468,17.0,3.6,38.0,1.29,15.6
93,94,Donovan Léon,GUF,GK,Brest,fr Ligue 1,26,1992,1.4,3.0,1.0,0.0,0.0,0.0,4.3,0.3,1.3,0.97,8.0,20,40.0,34,8.0,44.1,38.3,8,62.5,46.3,30,2.0,6.7,0.0,0.0,5.3
94,95,Karlo Letica,CRO,GK,SPAL,it Serie A,22,1997,10.0,29.0,0.0,2.0,1.0,1.0,18.9,0.28,-9.1,-0.91,55.0,155,35.5,219,54.0,44.7,37.2,95,60.0,45.4,168,5.0,3.0,3.0,0.3,10.3
95,96,Hugo Lloris,FRA,GK,Tottenham,eng Premier League,32,1986,20.1,21.0,2.0,0.0,2.0,1.0,30.4,0.28,10.4,0.52,105.0,252,41.7,421,97.0,42.0,35.3,150,50.0,35.2,312,16.0,5.1,8.0,0.4,10.2
96,97,Anthony Lopes,POR,GK,Lyon,fr Ligue 1,28,1990,26.0,25.0,2.0,1.0,2.0,3.0,22.9,0.24,0.9,0.03,97.0,222,43.7,634,147.0,24.1,28.6,187,36.9,34.1,313,11.0,3.5,20.0,0.77,14.6
97,98,Diego López,ESP,GK,Espanyol,es La Liga,37,1981,35.9,58.0,6.0,0.0,4.0,2.0,53.9,0.31,-2.1,-0.06,218.0,661,33.0,834,118.0,54.1,41.1,302,69.5,49.8,474,26.0,5.5,50.0,1.39,15.9
98,99,Pau López,ESP,GK,Roma,it Serie A,24,1994,32.0,45.0,8.0,1.0,4.0,0.0,44.3,0.27,-0.7,-0.02,143.0,317,45.1,838,175.0,29.1,31.4,208,35.1,34.9,373,9.0,2.4,44.0,1.38,18.2
99,100,Andreas Luthe,GER,GK,Augsburg,de Bundesliga,32,1987,10.0,12.0,0.0,0.0,0.0,1.0,14.1,0.43,3.1,0.31,52.0,165,31.5,324,51.0,37.0,35.1,91,49.5,40.8,184,10.0,5.4,11.0,1.1,13.9
100,101,Mike Maignan,FRA,GK,Lille,fr Ligue 1,24,1995,28.0,27.0,4.0,1.0,1.0,3.0,25.0,0.25,1.0,0.04,130.0,390,33.3,563,137.0,44.0,37.2,200,71.0,52.4,323,11.0,3.4,24.0,0.86,17.0
101,102,Steve Mandanda,FRA,GK,Marseille,fr Ligue 1,34,1985,26.3,27.0,4.0,0.0,2.0,2.0,30.1,0.3,5.1,0.19,117.0,365,32.1,697,133.0,39.9,35.6,144,60.4,43.8,319,21.0,6.6,21.0,0.8,14.6
102,103,Daniel Martín,ESP,GK,Betis,es La Liga,21,1998,5.9,12.0,0.0,0.0,1.0,0.0,7.9,0.33,-4.1,-0.69,23.0,58,39.7,147,34.0,29.3,30.8,36,41.7,40.6,69,2.0,2.9,8.0,1.36,18.3
103,104,David Martin,ENG,GK,West Ham,eng Premier League,33,1986,4.8,6.0,0.0,0.0,1.0,0.0,6.0,0.31,0.0,-0.01,39.0,101,38.6,79,12.0,74.7,46.9,44,95.5,60.8,83,1.0,1.2,1.0,0.21,12.4
104,105,Emiliano Martínez,ARG,GK,Arsenal,eng Premier League,26,1992,8.6,9.0,1.0,0.0,3.0,0.0,11.8,0.26,2.8,0.32,28.0,98,28.6,232,48.0,29.3,31.4,61,49.2,40.2,138,8.0,5.8,4.0,0.47,13.2
105,106,Jordi Masip,ESP,GK,Valladolid,es La Liga,30,1989,35.0,39.0,6.0,2.0,3.0,0.0,43.6,0.3,4.6,0.13,238.0,711,33.5,714,122.0,61.9,43.6,336,80.1,55.4,540,12.0,2.2,15.0,0.43,10.9
106,107,Alex McCarthy,ENG,GK,Southampton,eng Premier League,29,1989,28.0,35.0,1.0,0.0,4.0,1.0,37.2,0.32,3.2,0.11,191.0,528,36.2,643,76.0,59.1,41.6,178,83.1,56.6,439,25.0,5.7,27.0,0.96,12.8
107,108,Michael McGovern,NIR,GK,Norwich City,eng Premier League,35,1984,1.8,6.0,0.0,0.0,0.0,0.0,4.8,0.3,-1.2,-0.66,4.0,22,18.2,37,11.0,43.2,34.4,14,42.9,33.2,24,0.0,0.0,3.0,1.7,14.5
108,109,Edouard Mendy,SEN,GK,Rennes,fr Ligue 1,27,1992,24.0,19.0,3.0,1.0,4.0,1.0,20.7,0.22,2.7,0.11,155.0,338,45.9,624,99.0,38.0,34.5,163,62.0,43.6,334,33.0,9.9,22.0,0.92,12.9
109,110,Alex Meret,ITA,GK,Napoli,it Serie A,22,1997,21.7,33.0,5.0,0.0,2.0,1.0,27.7,0.27,-4.3,-0.2,31.0,103,30.1,466,86.0,17.2,25.5,139,16.5,22.9,241,4.0,1.7,15.0,0.69,14.3
110,111,Antonio Mirante,ITA,GK,Roma,it Serie A,36,1983,5.0,5.0,1.0,0.0,0.0,0.0,8.7,0.34,3.7,0.73,24.0,49,49.0,142,30.0,31.0,30.7,29,17.2,28.3,83,1.0,1.2,8.0,1.6,14.9
111,112,Simon Moore,ENG,GK,Sheffield Utd,eng Premier League,29,1990,2.0,6.0,0.0,0.0,0.0,0.0,4.5,0.41,-1.5,-0.74,10.0,39,25.6,37,4.0,75.7,51.2,11,100.0,69.5,20,0.0,0.0,0.0,0.0,7.0
112,113,Jessy Moulin,FRA,GK,Saint-Étienne,fr Ligue 1,33,1986,5.0,4.0,2.0,0.0,0.0,0.0,6.8,0.22,2.8,0.57,22.0,86,25.6,131,28.0,48.1,39.5,42,54.8,43.7,77,4.0,5.2,0.0,0.0,9.7
113,114,Florian Müller,GER,GK,Mainz 05,de Bundesliga,21,1997,12.5,25.0,2.0,3.0,1.0,0.0,22.2,0.31,-2.8,-0.22,65.0,188,34.6,360,79.0,31.4,32.1,118,63.6,46.6,208,13.0,6.3,18.0,1.44,15.8
114,115,Juan Musso,ARG,GK,Udinese,it Serie A,25,1994,38.0,51.0,8.0,2.0,4.0,0.0,52.1,0.22,1.1,0.03,184.0,421,43.7,812,171.0,34.5,32.7,358,39.4,34.1,581,25.0,4.3,20.0,0.53,11.6
115,116,Yvon Mvogo,SUI,GK,RB Leipzig,de Bundesliga,25,1994,2.0,3.0,0.0,0.0,0.0,0.0,1.5,0.3,-1.5,-0.76,4.0,13,30.8,70,9.0,14.3,25.9,10,30.0,31.0,20,1.0,5.0,3.0,1.5,17.6
116,117,Keylor Navas,CRC,GK,Paris S-G,fr Ligue 1,32,1986,21.0,18.0,0.0,0.0,0.0,1.0,17.5,0.27,0.5,0.02,35.0,91,38.5,405,76.0,16.5,26.8,137,17.5,26.7,188,3.0,1.6,8.0,0.38,12.5
117,118,Neto,BRA,GK,Barcelona,es La Liga,30,1989,2.0,2.0,0.0,0.0,0.0,0.0,1.6,0.54,-0.4,-0.19,5.0,10,50.0,46,5.0,15.2,24.5,15,20.0,24.2,22,1.0,4.5,4.0,2.0,16.6
118,119,Manuel Neuer,GER,GK,Bayern Munich,de Bundesliga,33,1986,33.0,31.0,3.0,0.0,6.0,1.0,34.6,0.28,4.6,0.14,139.0,276,50.4,1267,203.0,19.6,26.4,180,15.6,27.8,303,10.0,3.3,123.0,3.73,23.7
119,120,Moritz Nicolas,GER,GK,Union Berlin,de Bundesliga,21,1997,1.0,4.0,0.0,0.0,0.0,0.0,3.0,0.37,-1.0,-1.01,9.0,18,50.0,28,1.0,50.0,42.3,7,57.1,47.4,11,0.0,0.0,1.0,1.0,16.0
120,121,Alexander Nübel,GER,GK,Schalke 04,de Bundesliga,22,1996,25.7,40.0,4.0,1.0,5.0,2.0,35.8,0.28,-2.2,-0.09,132.0,394,33.5,791,109.0,34.8,33.8,207,57.5,45.0,339,22.0,6.5,23.0,0.89,13.8
121,122,Ørjan Nyland,NOR,GK,Aston Villa,eng Premier League,28,1990,6.0,12.0,0.0,0.0,0.0,0.0,8.5,0.31,-3.5,-0.59,33.0,104,31.7,128,29.0,46.9,40.0,53,83.0,57.1,80,4.0,5.0,1.0,0.17,9.9
122,123,Jan Oblak,SVN,GK,Atlético Madrid,es La Liga,26,1993,37.7,27.0,3.0,1.0,4.0,3.0,29.8,0.25,5.8,0.15,232.0,589,39.4,635,111.0,56.7,41.2,316,72.5,49.9,532,12.0,2.3,12.0,0.32,13.1
123,124,Oier Olazábal,ESP,GK,Espanyol,es La Liga,29,1989,2.0,0.0,0.0,0.0,0.0,0.0,0.5,0.18,0.5,0.27,6.0,17,35.3,51,15.0,21.6,31.1,12,50.0,41.4,21,3.0,14.3,0.0,0.0,7.8
124,125,Robin Olsen,SWE,GK,Cagliari,it Serie A,29,1990,16.9,24.0,4.0,0.0,1.0,2.0,23.2,0.22,1.2,0.07,87.0,246,35.4,328,62.0,49.7,40.2,159,52.2,42.4,293,8.0,2.7,5.0,0.3,10.1
125,126,David Ospina,COL,GK,Napoli,it Serie A,30,1988,16.3,17.0,2.0,1.0,2.0,0.0,14.8,0.25,-2.2,-0.13,34.0,77,44.2,383,55.0,16.2,25.7,85,17.6,22.1,184,11.0,6.0,17.0,1.04,16.2
126,127,Alexandre Oukidja,ALG,GK,Metz,fr Ligue 1,31,1988,26.5,31.0,3.0,0.0,5.0,0.0,30.4,0.22,-0.6,-0.02,186.0,593,31.4,675,101.0,60.6,43.8,208,88.5,59.4,471,32.0,6.8,31.0,1.17,14.1
127,128,Fernando Pacheco,ESP,GK,Alavés,es La Liga,27,1992,26.2,37.0,8.0,3.0,2.0,0.0,34.3,0.24,-2.7,-0.1,262.0,572,45.8,558,85.0,62.0,42.5,250,90.4,56.7,386,8.0,2.1,11.0,0.42,13.1
128,129,Daniele Padelli,ITA,GK,Inter,it Serie A,33,1985,3.0,4.0,1.0,0.0,2.0,0.0,3.7,0.34,-0.3,-0.1,3.0,17,17.6,69,14.0,20.3,29.9,24,12.5,25.2,55,2.0,3.6,2.0,0.67,12.2
129,130,Miquel Parera,ESP,GK,Mallorca,es La Liga,23,1996,1.0,2.0,0.0,0.0,0.0,0.0,0.6,0.12,-1.4,-1.41,6.0,12,50.0,21,3.0,47.6,37.6,4,50.0,57.0,12,0.0,0.0,0.0,0.0,
130,131,Rui Patrício,POR,GK,Wolves,eng Premier League,31,1988,38.0,40.0,1.0,1.0,6.0,1.0,35.5,0.26,-3.5,-0.09,250.0,528,47.3,578,127.0,53.1,39.0,283,78.1,48.7,530,20.0,3.8,11.0,0.29,11.7
131,132,Jiří Pavlenka,CZE,GK,Werder Bremen,de Bundesliga,27,1992,33.0,67.0,1.0,1.0,11.0,3.0,49.5,0.29,-14.5,-0.44,198.0,490,40.4,894,152.0,37.6,35.0,298,51.7,41.7,593,12.0,2.0,30.0,0.91,14.0
132,133,Gianluca Pegolo,ITA,GK,Sassuolo,it Serie A,38,1981,5.0,4.0,0.0,0.0,0.0,1.0,5.7,0.22,2.7,0.54,12.0,29,41.4,122,24.0,18.9,24.2,36,16.7,19.9,71,1.0,1.4,5.0,1.0,17.4
133,134,Yohann Pelé,FRA,GK,Marseille,fr Ligue 1,36,1982,1.7,2.0,0.0,0.0,0.0,0.0,2.4,0.2,0.4,0.25,3.0,12,25.0,33,7.0,15.2,25.0,14,50.0,40.8,22,0.0,0.0,3.0,1.8,16.2
134,135,Philipp Pentke,GER,GK,Hoffenheim,de Bundesliga,34,1985,4.0,4.0,1.0,0.0,0.0,0.0,6.2,0.25,2.2,0.55,13.0,46,28.3,133,26.0,27.1,30.5,30,33.3,37.9,80,4.0,5.0,11.0,2.75,17.0
135,136,Juan Pérez,ESP,GK,Osasuna,es La Liga,23,1996,2.0,3.0,1.0,0.0,0.0,0.0,2.6,0.18,-0.4,-0.22,12.0,38,31.6,50,10.0,56.0,44.6,14,71.4,52.9,27,0.0,0.0,3.0,1.5,18.2
136,137,Samu Pérez,ESP,GK,Valladolid,es La Liga,22,1997,0.3,1.0,1.0,0.0,0.0,0.0,1.0,0.0,0.0,-0.02,1.0,6,16.7,2,0.0,50.0,49.5,5,100.0,65.2,1,0.0,0.0,0.0,0.0,
137,138,Mattia Perin,ITA,GK,Genoa,it Serie A,26,1992,21.0,38.0,1.0,1.0,3.0,1.0,34.6,0.33,-2.4,-0.12,129.0,373,34.6,538,90.0,51.3,40.1,189,51.3,41.6,341,18.0,5.3,12.0,0.57,12.8
138,139,Pavao Pervan,AUT,GK,Wolfsburg,de Bundesliga,31,1987,8.0,8.0,1.0,0.0,0.0,0.0,11.4,0.28,3.4,0.42,48.0,120,40.0,202,37.0,44.1,36.4,62,50.0,44.0,104,3.0,2.9,12.0,1.5,16.3
139,140,Danijel Petković,MNE,GK,Angers,fr Ligue 1,26,1993,2.0,1.0,0.0,0.0,0.0,0.0,1.1,0.16,0.1,0.06,15.0,27,55.6,34,10.0,44.1,35.0,19,63.2,46.6,43,4.0,9.3,0.0,0.0,4.7
140,141,Denis Petrić,SRB,GK,Nantes,fr Ligue 1,31,1988,1.0,2.0,0.0,0.0,1.0,0.0,2.6,0.43,0.6,0.58,3.0,13,23.1,9,2.0,66.7,46.2,11,63.6,43.2,13,1.0,7.7,0.0,0.0,10.0
141,142,Jordan Pickford,ENG,GK,Everton,eng Premier League,25,1994,38.0,56.0,3.0,3.0,5.0,3.0,50.2,0.32,-2.8,-0.07,270.0,730,37.0,1115,195.0,50.8,40.1,264,62.1,48.5,510,24.0,4.7,25.0,0.66,13.4
142,143,Carlo Pinsoglio,ITA,GK,Juventus,it Serie A,29,1990,0.2,0.0,0.0,0.0,0.0,0.0,0.0,,0.0,0.0,0.0,0,,1,0.0,0.0,17.0,2,0.0,19.0,0,0.0,,0.0,0.0,
143,144,Nick Pope,ENG,GK,Burnley,eng Premier League,27,1992,38.0,50.0,4.0,0.0,7.0,1.0,45.7,0.25,-3.3,-0.09,263.0,870,30.2,883,180.0,67.6,47.1,304,89.8,63.7,623,52.0,8.3,48.0,1.26,14.9
144,145,Ionuț Radu,ROU,GK,Genoa,it Serie A,22,1997,17.0,35.0,6.0,2.0,4.0,1.0,31.3,0.26,-2.7,-0.16,61.0,169,36.1,504,90.0,29.0,31.0,152,15.1,26.1,252,8.0,3.2,7.0,0.41,11.1
145,146,Boris Radunović,SRB,GK,Hellas Verona,it Serie A,23,1996,3.0,8.0,2.0,1.0,1.0,0.0,6.2,0.28,-1.8,-0.59,12.0,33,36.4,47,10.0,42.6,37.3,14,92.9,65.6,23,0.0,0.0,1.0,0.33,12.6
146,147,Rafael,BRA,GK,Cagliari,it Serie A,37,1982,5.0,11.0,2.0,0.0,0.0,0.0,7.6,0.33,-3.4,-0.68,33.0,71,46.5,109,18.0,51.4,37.0,46,32.6,31.3,98,3.0,3.1,3.0,0.59,11.1
147,148,Predrag Rajković,SRB,GK,Reims,fr Ligue 1,23,1995,27.0,18.0,1.0,1.0,2.0,0.0,25.0,0.23,7.0,0.26,115.0,354,32.5,802,133.0,31.9,33.1,202,48.5,42.3,399,27.0,6.8,20.0,0.74,12.4
148,149,Aaron Ramsdale,ENG,GK,Bournemouth,eng Premier League,21,1998,37.0,62.0,5.0,4.0,4.0,0.0,60.7,0.3,-1.3,-0.04,183.0,607,30.1,843,185.0,48.2,39.2,288,69.8,53.5,591,20.0,3.4,25.0,0.68,11.6
149,150,Darren Randolph,IRL,GK,West Ham,eng Premier League,32,1987,2.0,5.0,1.0,0.0,1.0,0.0,4.5,0.32,-0.5,-0.25,14.0,29,48.3,26,4.0,61.5,43.1,14,92.9,57.3,34,0.0,0.0,3.0,1.5,16.8
150,151,Manolo Reina,ESP,GK,Mallorca,es La Liga,34,1985,36.0,60.0,14.0,2.0,6.0,1.0,60.9,0.26,1.9,0.05,241.0,644,37.4,888,176.0,52.4,39.6,306,58.5,47.9,520,26.0,5.0,28.0,0.78,13.7
151,152,Pepe Reina,ESP,GK,Aston Villa,eng Premier League,36,1982,12.0,20.0,2.0,0.0,2.0,0.0,14.7,0.22,-5.3,-0.44,95.0,202,47.0,302,51.0,48.3,37.2,94,59.6,42.6,168,8.0,4.8,14.0,1.17,16.1
152,153,Pepe Reina,ESP,GK,Milan,it Serie A,36,1982,1.0,1.0,0.0,1.0,0.0,0.0,1.8,0.14,0.8,0.83,8.0,14,57.1,28,6.0,32.1,34.9,7,71.4,45.0,17,2.0,11.8,2.0,2.0,12.0
153,154,Álex Remiro,ESP,GK,Real Sociedad,es La Liga,24,1995,25.0,32.0,7.0,2.0,3.0,0.0,30.0,0.24,-2.0,-0.08,139.0,351,39.6,767,76.0,32.6,32.8,146,69.2,50.6,297,6.0,2.0,42.0,1.68,17.4
154,155,Baptiste Reynet,FRA,GK,Toulouse,fr Ligue 1,28,1990,22.6,49.0,3.0,1.0,3.0,1.0,36.9,0.27,-11.1,-0.49,181.0,463,39.1,616,80.0,50.0,38.2,228,68.0,48.6,357,9.0,2.5,23.0,1.02,16.1
155,156,Sergio Rico,ESP,GK,Paris S-G,fr Ligue 1,25,1993,2.0,4.0,0.0,0.0,1.0,0.0,2.6,0.26,-1.4,-0.72,1.0,9,11.1,35,5.0,17.1,21.6,13,23.1,23.8,33,1.0,3.0,2.0,1.0,17.4
156,157,Roberto,ESP,GK,West Ham,eng Premier League,33,1986,7.6,17.0,1.0,1.0,2.0,1.0,17.9,0.34,1.9,0.25,46.0,158,29.1,188,26.0,64.4,44.6,41,90.2,58.8,101,0.0,0.0,10.0,1.31,15.0
157,158,Roberto,ESP,GK,Alavés,es La Liga,33,1986,8.8,19.0,3.0,0.0,1.0,0.0,20.1,0.33,1.1,0.13,84.0,195,43.1,170,9.0,78.8,52.6,66,92.4,65.9,107,3.0,2.8,3.0,0.34,11.5
158,159,Joel Robles,ESP,GK,Betis,es La Liga,29,1990,32.1,48.0,11.0,1.0,3.0,1.0,46.9,0.28,-0.1,0.0,135.0,406,33.3,905,137.0,34.6,33.0,241,38.6,35.5,455,10.0,2.2,51.0,1.59,17.8
159,160,Antonio Rosati,ITA,GK,Torino,it Serie A,36,1983,1.0,1.0,0.0,0.0,0.0,0.0,0.4,0.09,-0.6,-0.57,9.0,16,56.3,20,6.0,35.0,30.9,15,60.0,40.9,13,0.0,0.0,0.0,0.0,9.3
160,161,Francesco Rossi,ITA,GK,Atalanta,it Serie A,28,1991,0.1,1.0,0.0,0.0,0.0,0.0,0.4,0.45,-0.6,-4.53,1.0,1,100.0,3,1.0,33.3,30.3,0,,,0,0.0,,0.0,0.0,
161,162,Rubén,ESP,GK,Osasuna,es La Liga,35,1984,17.6,24.0,3.0,1.0,1.0,0.0,21.2,0.35,-2.8,-0.16,128.0,367,34.9,376,61.0,66.5,47.0,142,82.4,58.0,226,5.0,2.2,13.0,0.74,15.4
162,163,Stéphane Ruffier,FRA,GK,Saint-Étienne,fr Ligue 1,32,1986,22.0,40.0,3.0,0.0,1.0,0.0,33.3,0.3,-6.7,-0.31,102.0,287,35.5,463,72.0,41.3,34.8,159,60.4,43.1,249,9.0,3.6,15.0,0.68,12.7
163,164,Gerónimo Rulli,ARG,GK,Montpellier,fr Ligue 1,27,1992,25.0,27.0,3.0,1.0,2.0,1.0,28.4,0.2,2.4,0.1,186.0,359,51.8,677,150.0,35.6,33.7,203,58.1,45.2,360,16.0,4.4,25.0,1.0,15.0
164,165,Mathew Ryan,AUS,GK,Brighton,eng Premier League,27,1992,38.0,54.0,2.0,0.0,7.0,2.0,50.2,0.29,-1.8,-0.05,207.0,412,50.2,1201,255.0,25.3,29.0,274,39.4,33.4,526,20.0,3.8,26.0,0.68,13.7
165,166,Frederik Rønnow,DEN,GK,Eint Frankfurt,de Bundesliga,26,1992,9.0,14.0,2.0,0.0,0.0,0.0,14.3,0.26,0.3,0.04,78.0,172,45.3,280,37.0,48.9,37.9,62,56.5,45.0,116,4.0,3.4,11.0,1.22,17.4
166,167,Romain Salin,FRA,GK,Rennes,fr Ligue 1,35,1984,4.0,5.0,0.0,0.0,0.0,0.0,5.4,0.24,0.4,0.1,21.0,54,38.9,94,24.0,30.9,33.4,36,69.4,47.3,80,2.0,2.5,3.0,0.75,14.6
167,168,Kasper Schmeichel,DEN,GK,Leicester City,eng Premier League,32,1986,38.0,41.0,8.0,0.0,5.0,2.0,44.3,0.26,5.3,0.14,180.0,398,45.2,951,159.0,31.5,33.0,241,40.7,36.1,507,14.0,2.8,34.0,0.89,17.2
168,169,Markus Schubert,GER,GK,Schalke 04,de Bundesliga,21,1998,8.2,18.0,2.0,1.0,4.0,0.0,18.5,0.31,0.5,0.06,44.0,155,28.4,252,29.0,46.0,37.6,60,65.0,46.4,149,6.0,4.0,8.0,0.97,12.7
169,170,Alexander Schwolow,GER,GK,Freiburg,de Bundesliga,27,1992,23.2,32.0,3.0,0.0,5.0,0.0,31.9,0.25,-0.1,0.0,153.0,429,35.7,726,120.0,34.4,34.3,249,71.9,55.1,381,13.0,3.4,14.0,0.6,12.9
170,171,Matz Sels,BEL,GK,Strasbourg,fr Ligue 1,27,1992,27.0,32.0,6.0,0.0,3.0,0.0,33.4,0.26,1.4,0.05,199.0,458,43.4,651,111.0,49.3,39.6,201,68.2,51.3,335,17.0,5.1,9.0,0.33,11.0
171,172,Luigi Sepe,ITA,GK,Parma,it Serie A,28,1991,34.0,53.0,6.0,1.0,10.0,0.0,54.8,0.25,1.8,0.05,225.0,471,47.8,801,115.0,42.4,37.1,327,40.1,32.0,624,20.0,3.2,10.0,0.29,12.2
172,173,Rui Silva,POR,GK,Granada,es La Liga,25,1994,35.0,42.0,4.0,1.0,5.0,0.0,42.8,0.27,0.8,0.02,304.0,823,36.9,974,115.0,59.9,43.1,299,80.3,55.8,499,25.0,5.0,66.0,1.89,16.6
173,174,Marco Silvestri,ITA,GK,Hellas Verona,it Serie A,28,1991,35.0,43.0,7.0,1.0,6.0,1.0,44.9,0.24,2.9,0.08,182.0,687,26.5,650,74.0,63.1,43.7,330,83.9,55.3,547,17.0,3.1,15.0,0.43,11.0
174,175,Unai Simón,ESP,GK,Athletic Club,es La Liga,22,1997,33.2,29.0,5.0,1.0,2.0,2.0,34.6,0.28,7.6,0.23,304.0,716,42.5,838,145.0,56.6,42.2,268,90.3,61.6,495,20.0,4.0,20.0,0.6,13.1
175,176,Salvatore Sirigu,ITA,GK,Torino,it Serie A,32,1987,36.0,64.0,9.0,3.0,6.0,3.0,59.1,0.26,-1.9,-0.05,243.0,523,46.5,823,112.0,40.0,35.4,333,58.3,41.1,588,22.0,3.7,18.0,0.5,14.4
176,177,Antonio Sivera,ESP,GK,Alavés,es La Liga,22,1996,3.0,3.0,1.0,0.0,0.0,0.0,2.2,0.25,-0.8,-0.28,29.0,61,47.5,56,9.0,67.9,46.1,27,85.2,57.9,34,1.0,2.9,1.0,0.33,9.1
177,178,Łukasz Skorupski,POL,GK,Bologna,it Serie A,28,1991,37.0,64.0,6.0,2.0,6.0,1.0,53.9,0.26,-9.1,-0.25,161.0,364,44.2,848,218.0,29.7,31.5,291,38.5,33.6,474,44.0,9.3,29.0,0.78,12.7
178,179,Dennis Smarsch,GER,GK,Hertha BSC,de Bundesliga,20,1999,1.7,4.0,0.0,0.0,1.0,0.0,2.3,0.21,-1.7,-0.99,10.0,26,38.5,53,8.0,30.2,32.7,16,62.5,45.1,15,1.0,6.7,3.0,1.79,12.9
179,180,Yann Sommer,SUI,GK,Gladbach,de Bundesliga,30,1988,34.0,40.0,1.0,1.0,3.0,0.0,47.5,0.29,7.5,0.22,180.0,418,43.1,1263,169.0,25.7,29.8,282,33.3,34.6,501,13.0,2.6,49.0,1.44,16.9
180,181,David Soria,ESP,GK,Getafe,es La Liga,26,1993,38.0,37.0,5.0,0.0,2.0,2.0,38.3,0.3,3.3,0.09,359.0,970,37.0,880,46.0,83.4,52.7,259,91.1,58.5,383,20.0,5.2,69.0,1.82,18.1
181,182,Juan Soriano,ESP,GK,Leganés,es La Liga,21,1997,11.0,18.0,5.0,1.0,0.0,1.0,15.8,0.28,-1.2,-0.11,47.0,175,26.9,223,58.0,51.6,41.8,74,81.1,60.4,117,7.0,6.0,4.0,0.36,14.5
182,183,Marco Sportiello,ITA,GK,Atalanta,it Serie A,27,1992,5.8,5.0,0.0,0.0,0.0,0.0,4.8,0.26,-0.2,-0.04,9.0,28,32.1,124,32.0,12.1,26.9,26,50.0,38.8,52,3.0,5.8,10.0,1.71,19.7
183,184,Jed Steer,ENG,GK,Aston Villa,eng Premier League,26,1992,0.1,,,,,,0.0,,,,,1,,1,,0.0,26.0,1,100.0,65.0,1,,,,,
184,185,Zack Steffen,USA,GK,Düsseldorf,de Bundesliga,24,1995,17.0,36.0,1.0,1.0,4.0,1.0,32.5,0.32,-2.5,-0.15,129.0,296,43.6,472,102.0,42.6,36.9,144,66.0,51.2,264,14.0,5.3,16.0,0.94,12.9
185,186,Thomas Strakosha,ALB,GK,Lazio,it Serie A,24,1995,38.0,42.0,7.0,1.0,7.0,1.0,44.4,0.24,3.4,0.09,148.0,368,40.2,938,143.0,32.0,31.2,291,23.4,26.0,474,10.0,2.1,18.0,0.47,13.6
186,187,Wojciech Szczęsny,POL,GK,Juventus,it Serie A,29,1990,28.8,33.0,8.0,1.0,3.0,0.0,37.1,0.23,4.1,0.14,82.0,165,49.7,560,155.0,23.4,29.4,195,17.4,25.8,355,11.0,3.1,37.0,1.29,16.9
187,188,Ciprian Tătărușanu,ROU,GK,Lyon,fr Ligue 1,33,1986,2.0,2.0,0.0,0.0,0.0,0.0,1.9,0.18,-0.1,-0.03,8.0,12,66.7,54,16.0,18.5,27.2,7,28.6,32.1,10,3.0,30.0,7.0,3.5,15.4
188,189,Marc-André ter Stegen,GER,GK,Barcelona,es La Liga,27,1992,36.0,36.0,6.0,2.0,1.0,0.0,34.8,0.25,-1.2,-0.03,122.0,239,51.0,1206,177.0,15.3,25.7,224,24.6,29.4,379,18.0,4.7,39.0,1.08,15.2
189,190,Pietro Terracciano,ITA,GK,Fiorentina,it Serie A,29,1990,6.9,5.0,3.0,0.0,0.0,0.0,7.5,0.2,2.5,0.36,18.0,78,23.1,149,36.0,38.9,35.2,59,33.9,34.7,103,6.0,5.8,5.0,0.72,12.2
190,191,Demba Thiam,SEN,GK,SPAL,it Serie A,21,1998,2.0,4.0,1.0,0.0,1.0,0.0,3.2,0.14,-0.8,-0.4,8.0,21,38.1,42,10.0,31.0,31.0,27,29.6,25.9,36,2.0,5.6,0.0,0.0,10.3
191,192,Niclas Thiede,GER,GK,Freiburg,de Bundesliga,20,1999,0.8,1.0,0.0,0.0,0.0,0.0,1.5,0.39,0.5,0.72,1.0,9,11.1,34,11.0,26.5,29.2,7,0.0,21.1,13,0.0,0.0,1.0,1.32,18.0
192,193,Kevin Trapp,GER,GK,Eint Frankfurt,de Bundesliga,29,1990,22.0,38.0,1.0,1.0,3.0,2.0,32.1,0.3,-3.9,-0.18,153.0,359,42.6,792,89.0,36.7,33.2,145,46.9,39.7,261,15.0,5.7,32.0,1.45,16.1
193,194,Mark Travers,IRL,GK,Bournemouth,eng Premier League,20,1999,1.0,3.0,0.0,0.0,0.0,0.0,1.9,0.39,-1.1,-1.07,2.0,9,22.2,23,5.0,21.7,29.2,7,57.1,43.4,12,0.0,0.0,1.0,1.0,13.3
194,195,Stefano Turati,ITA,GK,Sassuolo,it Serie A,17,2001,2.0,4.0,1.0,0.0,0.0,0.0,4.1,0.25,0.1,0.03,6.0,10,60.0,38,7.0,18.4,24.8,14,21.4,24.0,34,1.0,2.9,3.0,1.5,18.8
195,196,Samir Ujkani,KVX,GK,Torino,it Serie A,31,1988,1.0,3.0,1.0,0.0,1.0,0.0,2.4,0.23,-0.6,-0.62,6.0,13,46.2,42,2.0,28.6,31.9,8,12.5,25.8,12,0.0,0.0,1.0,1.0,15.0
196,197,Sven Ulreich,GER,GK,Bayern Munich,de Bundesliga,30,1988,1.0,1.0,0.0,0.0,0.0,0.0,1.1,0.42,0.1,0.12,2.0,7,28.6,42,5.0,14.3,24.0,10,10.0,20.4,11,0.0,0.0,1.0,1.0,14.3
197,198,Tomáš Vaclík,CZE,GK,Sevilla,es La Liga,30,1989,32.5,31.0,2.0,3.0,2.0,1.0,27.3,0.25,-2.7,-0.08,145.0,375,38.7,692,155.0,34.8,34.2,234,57.3,44.9,405,18.0,4.4,28.0,0.86,15.0
198,199,Koke Vegas,ESP,GK,Levante,es La Liga,23,1995,2.0,2.0,0.0,0.0,1.0,0.0,1.6,0.16,-0.4,-0.22,9.0,24,37.5,43,13.0,39.5,36.7,19,36.8,31.5,46,0.0,0.0,4.0,2.0,16.1
199,200,Mauro Vigorito,ITA,GK,Lecce,it Serie A,29,1990,4.7,9.0,1.0,0.0,1.0,0.0,8.7,0.3,-0.3,-0.06,21.0,53,39.6,100,27.0,35.0,32.2,48,37.5,30.3,90,2.0,2.2,3.0,0.64,12.0
200,201,Iván Villar,ESP,GK,Celta Vigo,es La Liga,22,1997,3.1,5.0,0.0,0.0,0.0,0.0,3.7,0.34,-1.3,-0.41,13.0,40,32.5,58,8.0,36.2,31.7,28,67.9,50.9,44,1.0,2.3,4.0,1.29,12.8
201,202,Felix Wiedwald,GER,GK,Eint Frankfurt,de Bundesliga,29,1990,3.0,8.0,0.0,0.0,2.0,0.0,5.5,0.27,-2.5,-0.85,22.0,40,55.0,77,15.0,35.1,33.2,24,54.2,40.5,41,1.0,2.4,5.0,1.67,13.5
202,203,Yoel,ESP,GK,Eibar,es La Liga,30,1988,3.0,5.0,0.0,0.0,0.0,0.0,6.4,0.34,1.4,0.48,31.0,74,41.9,67,5.0,74.6,52.9,24,100.0,67.0,52,2.0,3.8,2.0,0.67,10.2
203,204,Robin Zentner,GER,GK,Mainz 05,de Bundesliga,24,1994,21.5,40.0,1.0,0.0,6.0,1.0,36.6,0.31,-2.4,-0.11,129.0,389,33.2,594,146.0,44.8,36.8,197,62.4,49.2,347,20.0,5.8,17.0,0.79,13.6
204,205,Leopold Zingerle,GER,GK,Paderborn 07,de Bundesliga,25,1994,28.0,57.0,3.0,3.0,6.0,2.0,48.5,0.3,-6.5,-0.23,132.0,287,46.0,978,188.0,22.9,29.0,233,27.0,29.9,454,9.0,2.0,22.0,0.79,13.3
